13.4	22.9	71	0.6
7.4	25.1	44	0
12.9	25.7	38	0
9.2	28	45	0
17.5	32.3	82	1
14.6	29.7	55	0.2
14.3	25	49	0
7.7	26.7	48	0
9.7	31.9	42	0
13.1	30.1	58	1.4
13.4	30.4	48	0
15.9	21.7	89	2.2
15.9	18.6	76	15.6
12.6	21	65	3.6
9.8	27.7	50	0
14.1	20.9	69	0
13.5	22.9	80	16.8
11.2	22.5	47	10.6
9.8	25.6	45	0
11.5	29.3	56	0
17.1	33	38	0
20.5	31.8	54	0
15.3	30.9	55	0
12.6	32.4	49	0
16.2	33.9	45	0
16.9	33	41	0
20.1	32.7	56	0
19.7	27.2	49	0
12.5	24.2	78	1.2
12	24.4	48	0.8
11.3	26.5	46	0
9.6	23.9	44	0
10.5	28.8	43	0
12.3	34.6	41	0
12.9	35.8	41	0
13.7	37.9	33	0
16.1	38.9	34	0
14	28.3	43	0
12.5	28.4	38	0
17	30.8	36	0
16.9	32	52	0
17.3	34.7	48	0
17.2	37.7	51	0
17.4	43	40	0
19.8	32.7	34	0
14.9	26.7	46	0
10.5	28.4	35	0
11.3	32.2	34	0
13.9	36.6	39	0
18.6	39.9	36	0
19.3	38.1	48	0.8
24.4	34	60	0.6
18.8	35.2	43	6.4
20.8	30.6	41	0
14	34.3	44	0
15.7	38.4	48	0
18.5	38.2	48	0
20.4	40.7	45	0
21.8	41.5	38	0
22.3	42.9	37	0
22	42.7	33	0
28	43.1	27	0
24.4	38.3	32	0.2
21.5	37.7	51	0
21.7	36.9	53	0
21.5	41.2	48	0
23.5	42.2	39	0
22.3	44.8	36	0
28.3	40.2	20	0
18.4	31.2	66	0.4
14.9	27.3	50	0
13.5	26.7	45	0
16.1	21.6	58	0
14.6	29	41	3
12.4	29.2	37	0
13.3	31.3	50	0
17.2	31.1	43	0
12.5	28.8	46	0
18	32	44	0
16.2	34	53	0
18.7	29.1	45	0
13.7	31.7	63	0
15.5	33.2	49	0
14.3	34	48	0
12.9	29.6	54	0
8.9	31.9	49	0
15	32.7	43	0
15.4	32.6	53	0
16	34.5	44	0
12.8	30.3	53	0
13.2	31.9	53	0
18	31.1	58	0
13.8	22.1	57	0.2
11.5	22	60	0
7.6	24	52	0
8.3	27.9	58	0
11	30.2	54	0
13.8	31.8	49	0
15.5	32	51	0
18.4	30.5	57	1.2
20.9	25.7	52	0
17.1	25.8	82	5.8
16.4	27	82	3
10	19.7	62	11.6
8.8	21.9	78	0
8.4	25.3	78	0
9.3	28	76	0
11.3	30.1	56	0
11.5	33.5	50	0
13.8	33.6	47	0
14.6	30	56	0
14.4	31.6	63	0
10.8	31.9	62	0
15.4	22.3	69	0.4
13.3	29.8	87	1.8
10.1	27.6	63	0
9.1	28.9	60	0
10.4	31.2	60	0
13.4	30.4	57	0
12.3	29.9	61	0
12.2	30.6	59	0
14.3	32.1	59	0
18.4	28.1	92	8.6
10.7	21.4	60	12.6
7.8	21.7	72	0
8.1	21.4	58	0
7.5	22.5	55	0
8.2	24	60	0
8.1	25.7	67	0
11.6	26.7	59	0
13	24.9	75	8.4
13.5	24.2	88	6.2
9.9	25.4	65	0
12.2	25	68	0
10.7	21.9	44	0
3.5	20	65	0
6.6	21.6	59	0
7	23.4	73	0
11.2	23.9	54	0
7.4	22	58	0
5.7	21.4	68	0
6.2	22.7	73	0
6	22.9	68	0
10.6	16.2	74	0
12.9	15.8	83	20
8.6	12.9	77	21
4.5	11.5	82	3.2
7.6	14.5	83	4.8
5.4	12.2	62	0
2.1	16.5	70	0
1.8	17	77	0
7.2	19.2	81	0
4.6	18.9	75	0
4.2	19.1	86	0
5.2	18.8	71	0
4.1	19.3	82	0
3.2	18.4	86	0
4.3	19	68	0
3.7	20.5	78	0
5.4	19.5	69	0
4.3	17.7	89	0
3.6	18.5	81	0
3.6	15.1	86	0
6.9	16.3	77	0
10.3	16.6	82	0
12.4	16.4	82	1.8
3	15.6	83	0
2.6	19.7	82	0
3.7	19.1	87	0
5.1	18.6	75	0
4.4	19.8	81	0
4.7	19.8	75	0
6.2	22.9	71	0
6.7	21.1	69	0
9.3	20.3	77	0
11.6	18.1	97	4.2
8	16.2	99	0.8
2.6	15.7	91	0
2.2	16.5	67	0
2.2	16.8	65	0
1.7	17.1	73	0
8	14.3	88	1.2
8.4	13.4	78	1.4
10.6	14.3	85	4.8
8.9	17.4	99	8
2.8	16.1	86	0
1.7	10.5	99	0.2
4.7	11.6	93	14.4
9	12	88	4.6
6.3	8.8	92	2
3	10.5	77	5.6
-2	9.6	84	0
-1.3	8.2	99	0
1.8	12.4	86	0
2	15.8	82	0
0.5	14.9	99	0.4
1.2	17.7	83	0
0.6	15.9	94	0
0.5	14.7	99	0
0.5	15.3	93	0
0.9	17.3	85	0
7	17	99	1.6
5	14.9	99	5.6
3.9	15.5	99	0
7.7	14.1	81	6
4.7	12.2	99	0
6.9	13.7	99	4.4
8.4	11.9	79	0
9.3	12.3	98	5.4
8.2	15.7	91	3.6
9.1	16.1	78	2
8.3	13.3	85	8.4
8.8	11.6	88	5
7.6	12	82	7.8
5.7	13.2	91	0
3.4	12.4	80	0
0	12.1	99	0
-1.5	12.5	91	0
-1.7	13.8	84	0
-0.4	15	84	0.2
0.1	13.5	93	0
4.8	13.3	96	0.6
8.1	16.5	77	0.6
5.9	13.1	82	1
6.9	11	94	6.8
2.9	12.6	99	1.8
-0.6	13.4	95	0
-0.3	14.4	88	0.2
-1	12	98	0
3.2	14.1	94	0.6
3.6	16.5	95	0.2
0.8	17.7	87	0
6.6	12.3	74	0
6	13.5	83	9.8
-0.1	12.9	87	0
-0.3	12.2	95	0
2.1	9.8	85	0
1.3	8.8	99	0
4.2	12.7	89	3.8
8.3	13.2	98	2.4
3.3	12.1	99	0.2
6.5	14.5	81	5.2
7.4	13.9	99	0.2
7.5	14.1	94	0.8
8.3	13.8	79	0.8
3.2	14.7	91	0
5.7	13.8	98	5.4
5.1	17.1	99	0.4
8	13.9	79	0.8
-0.8	12.9	78	4.2
-1	12.2	91	0
1.9	14.8	72	0.2
5.9	17.7	62	0.4
6.9	14.3	99	4.8
7.7	11.6	94	0.2
6.8	15.2	99	1.2
2.7	17.5	99	0.2
5.1	15.5	79	1.6
4.2	13.6	73	3.2
0.6	15.6	85	0
1.6	16.4	99	0
5.5	18.4	78	0
7.3	14.8	72	1
0.2	14.1	90	6.6
5.8	18.9	94	3.8
8.9	17.1	68	1.2
7.1	12.8	75	2
4.2	14.4	83	3.6
1.1	16.7	72	0.4
1.1	18.6	87	0
7.2	17.9	81	4.2
6.3	11.1	77	13.4
6.7	14.2	90	1.4
5.1	14.2	96	3
1	16.8	82	0
6.1	20.7	80	0
6.3	16.9	85	1.4
2.1	15	81	0
1.6	16.6	79	0
8.3	17.6	73	0
5.7	16.5	90	0
7.5	14.3	82	0
0	18.8	83	0
6.5	24.7	70	0
13.2	25.1	44	0
4.3	17.8	60	0
1.6	17.2	68	0
2.8	21.1	74	0
6.3	19	76	0
7.4	20.4	75	10.2
5.4	20.6	98	0
8	18.9	79	0.4
3.7	19	73	0.2
11.5	20.2	77	8.4
9.3	16.8	82	28.8
8.2	18.2	72	1.4
5.3	20.6	60	0
6.8	12.2	79	6
4.5	12.9	78	1.6
5.5	17.9	79	0
1.7	17	73	0
4	21.4	75	0
8.9	21.1	76	0
11.7	22	68	0
8.5	13.5	87	3.2
9.6	16.2	85	1.8
8.3	19.7	85	0.2
5.2	16.2	85	0
3.8	15.9	90	3.6
1.2	16.3	65	0
3.2	18.2	63	0
4.6	19	55	0
6.4	18.7	68	0
5.8	23.3	88	0
6.6	17.7	70	2
9.5	15.1	88	7
9.7	15.7	79	1.4
4.1	16.6	77	6.8
4.6	19.2	83	0
5.1	20.3	72	0
5.1	22.7	78	0
6.9	26.6	71	0
8.8	27.1	73	0
9.1	27.1	67	0
8.1	23.9	70	0
7.4	25.4	68	0
10.6	23.1	68	0
10.8	22	52	0
5.9	24.1	64	0
11.3	26.8	67	0
14.5	26.9	65	0
13.7	29.1	75	0
15.6	30.8	65	0
17.8	34	66	0
18.7	32.4	66	0
18.7	24.3	46	0
10	23.2	59	0
6.6	25.3	67	0
10.8	27.9	55	0
11.3	29.8	57	0
13.5	31.8	55	0
15.4	33.4	48	0
15.9	35.2	49	0
17.1	36	43	0
16.7	35.1	49	0
18.1	32.8	42	0
13.4	35.4	55	0
17.2	36.3	57	0
15.3	35.1	46	0
12.1	30.5	38	0
11.4	33.5	53	0
18.6	39.7	29	0
15.3	38.2	45	0
19.3	21	95	10.6
18.3	28.3	98	25.8
11.9	23.6	63	0.4
12.8	25.8	60	0
17.2	32.9	60	0
21	34.5	48	0
15.9	26.2	82	10.2
17.1	26.4	48	0
12.8	22.3	94	9.4
13.2	23.9	82	2.4
12.3	23.6	43	0
10.6	27	48	0
11.4	31.5	57	0
12.3	27.5	42	0
10.7	26.7	44	0
11.1	30.7	58	0
13.4	31.9	47	0
18.2	24.9	58	0
9.2	25.4	64	1.2
14.2	27.4	52	0
9.2	22.6	62	1
9	26.5	52	0
11.8	29.6	52	0
13.6	32	48	0
13.1	34.7	51	0
14.6	38.6	45	0
14.5	40.3	40	0
12.2	26.4	60	3
11.1	29.2	45	0
12	31.3	52	0
12.7	33.7	48	0
15.1	36.6	44	0
18.1	38.2	41	0
22.9	34.6	21	0
18.8	28.3	84	9.8
17.1	31.3	56	0
17.6	27.3	61	0
17.8	35.9	58	0
18.7	35.9	46	0
19.8	36.8	41	0
21.1	33.2	41	0
19.4	31.9	70	5
18.6	29.1	88	12.4
12.2	29.7	57	0
14.8	32.8	55	0
15	35.8	46	0
16.3	33.8	49	0
15	33	45	0
17.4	36.4	50	0
19.6	39.8	48	0
20.6	42.2	38	0
21	42.2	39	0
24.5	42.4	48	0.2
22.6	28.4	56	0.4
15.7	31.7	55	3
17.2	36.3	51	0
21.8	36.6	50	0
16.8	25.6	51	0
10.5	22.6	44	0
8.7	25.2	47	0
11	32.9	52	0
15.4	37.3	39	0
19.2	41.8	40	0
24.7	35.4	43	0
14.4	33.7	50	0
14.3	35.8	47	0
15.1	35.9	35	0
17.7	36.4	45	0
15.2	34.4	51	0
16	35.2	46	0
18.9	36.5	48	0
21.7	36.3	39	0
21	38.2	46	0
17.8	34.3	61	8.6
17.9	35.6	36	0
23.5	32	51	0
19.2	26.1	83	52.2
19.5	30.3	55	5.6
20.3	33.9	53	0
23	34	66	0
21.7	35.6	64	0
22.5	29.1	81	0
20.8	27.1	82	0
20.5	30.3	80	0
17.8	26.8	76	0
17.6	29	48	0
0	31.2	33	0
16.4	30.3	54	0
15.7	31.8	70	0
19.6	34.7	71	0.6
20.2	26.4	83	3.6
12.5	26.1	56	0.2
12.8	28.5	57	0
15	31	61	0
0	26.3	70	0
18.2	29.3	84	1.4
11.2	28.5	58	0
12.5	31.2	61	0
15.1	0	70	0
0	22.3	74	0
18.8	30.3	87	20.6
18.3	22.9	89	5.8
18.1	25.5	79	66
15.7	22.4	90	6.2
12.3	24.4	56	0
10.6	25	72	0
11.5	25.7	80	0
12.2	26.3	75	0
13.2	26.6	72	0
12.5	28.6	73	0
13.3	29.6	76	0
15.1	30.4	73	0
14.9	31.4	79	0
16.7	31.9	77	0
16.8	25.6	78	0
9.1	25.3	69	0
8.3	27	79	0
10.5	28.8	81	0
11.6	29.6	75	0
12.6	30	80	0
15.6	30.2	73	0
17.2	28.7	79	0
18.2	26.3	94	11
16.5	26.9	91	0.4
13.4	26.1	71	0
11.6	25.8	82	0
10	25.1	78	0
12.4	24.8	71	0
12.5	24.8	58	0
10.3	25.3	76	0
10.6	24.7	75	0
15.7	23.4	87	3
13.5	23.1	84	3.2
10.1	21.9	73	0
14.1	18.6	84	0.2
14.2	18.7	86	7
5.6	17.4	71	0
4.6	19.9	82	0
5.1	21.9	81	0
6.1	23.5	79	0
7.7	24.7	79	0
8.5	25.4	74	0
10.1	25.1	67	0
11.2	25.9	81	0
11.8	25.2	79	0
12.3	27.5	74	0
11.4	27.3	74	0
11.3	29	89	0
15.4	19.8	95	3.6
10.8	18.5	72	17
5.1	17.9	78	0
7.1	16.1	84	0
9.7	17.3	84	1.6
10.5	17.7	79	0.4
5.6	19.1	99	0
5.9	21.1	84	0.2
4.8	20.7	97	0
6.8	23	83	0
8	25.3	92	0.2
8.9	14.5	84	3
7.1	15.3	78	0
5.7	17.5	89	0
9.6	19.3	84	0
5.7	19.5	99	0
5	19.8	99	0
3	15.6	77	0
1.3	14.9	81	0
1	17.1	79	0
3.1	17.7	99	0.2
2.2	18.4	83	0
1.7	17.5	84	0
4.5	17	92	0
1.6	19.7	90	0
1.4	18.5	86	0
2.1	16.5	88	0
1.7	17.9	92	0
1.1	17.1	76	0
0.9	18.1	76	0
5.2	16.3	74	0
10.2	14.9	88	10.4
8.4	19	71	13.4
5.7	16.6	92	0.2
6.4	17	96	0
9.4	15	99	28
8.8	20.2	99	5.8
10.7	19.1	54	0
4.2	16.6	89	0
4.3	17.7	93	0
3.4	17.7	79	0
3.1	18.4	82	0
1.7	10.2	99	0
5	15.8	97	0
0.4	14	80	0
3.1	12.2	89	0
5.3	8.4	81	0
4.9	12.9	85	2.4
7.2	13.2	82	0
0	13.3	95	0
-1	13.1	83	0
-2	13.2	85	0
-0.3	12.8	92	0
1.5	15.5	91	0
7.4	16.2	82	11.6
3	12.2	88	2.2
6.9	15.2	95	1.8
3.6	13.1	98	0
5	12.5	99	0.4
3	14.8	94	0
3.5	16.5	89	0
3.4	17	85	0
7	16.1	83	0
6.2	12.1	86	10.2
0.6	11.9	99	0.2
-0.6	8.3	99	0
2.3	9.4	71	0
5.1	9.8	81	0.2
3.2	11.9	99	1.2
0.2	10.9	99	0.2
1	10.3	99	0
1.5	10.8	99	0
1.8	12.1	99	0.2
2.3	13.9	94	5.6
1.5	13.5	99	0
2.1	14.8	99	0.4
0	14.6	90	0
1.5	16.1	96	0
5	15.4	99	13.4
3.5	15.3	99	0.2
3.5	16.3	98	0
6.2	10	82	21.4
3.4	12.2	85	11
0.6	13.1	99	0
-0.4	11.5	99	0
0.7	12.8	96	0
5	13.5	99	1.6
0.5	11.6	99	0.2
0.6	12.9	99	0
-0.5	13.8	89	0
0.1	15.7	99	0
1	14.6	99	0
2.5	14.3	99	0.2
1.9	14.9	99	0.2
-1.2	15	85	0.2
2.1	12.6	80	0
5.8	14.8	99	6.2
8.9	14.9	91	0
7.5	12.3	100	2.2
7.5	10.1	86	4.2
5.4	14.7	85	18.6
1.2	15.7	86	0
0	11.8	97	0
0.7	12.6	99	0.2
-0.6	13.1	83	0.2
-1.3	12.6	86	0
0.3	15.5	79	0
4.4	16	86	7.2
7.2	10.4	96	8.2
4.5	14.9	91	10.8
1.6	15	99	0
3.2	13	85	0
7.2	12.1	83	1.8
6.4	11.8	94	10.2
-1	12.1	87	3.8
1.3	11.8	92	0.2
5	15.1	85	15.4
4.5	11.7	82	2
6.3	12.9	86	0
2.1	15.3	87	0.2
4.1	12.8	91	0.2
6.4	13.3	90	1.8
4.2	10.7	87	1.8
5.4	11.8	84	9.6
6.8	13.4	75	4
0.9	14.4	99	0
1.9	15.2	85	0
2.3	15.4	84	0
2.9	14.2	89	0
7.1	15.1	86	0
10	16.8	92	0.8
7.1	17.6	65	0
10.1	17.7	96	21.8
9.8	14.2	81	20.8
6.8	12.8	89	2.4
2.3	15.1	83	1.2
1.7	15.9	74	0
7.2	14.7	76	0
8.1	14	91	24.8
2.6	15.9	88	3.2
4.5	16.3	84	0
6	18.7	88	0.4
5.8	19	76	0
5.5	13.6	68	0
7.5	13.4	64	0
4.3	14.3	76	0.2
3.3	13.9	67	0
2.4	16.4	90	0
2.8	18.7	79	0
5	19.6	81	0
8.6	20.1	70	0
5.7	19.9	76	0
3.7	19.1	96	0
5.6	19.7	84	0
5.4	20.6	75	0
6.5	20	83	0
5.4	14.6	65	0
3.7	14.3	66	0
-0.1	14.6	59	0
4.1	17.4	71	0
4.8	21.1	61	0
7.4	23	72	0
8.2	23.2	85	0
10.1	25.9	78	0
11.1	24.9	80	0
7.3	15.9	64	10
4.2	19	59	0
5.4	20.8	83	0
8.2	23.2	71	0
7.6	23.7	60	0
14.5	19.9	91	0.8
14.7	18	92	11.4
12.7	19.1	92	19
13.8	18.6	93	22.2
4.8	12.8	72	32.8
6.3	15.4	77	0
9.2	17.4	74	0
4.8	19	78	0
5.7	21.8	80	0
8	23.3	75	0
9.5	25.8	77	0
14.8	19	81	0.4
8.2	22.2	65	2.4
10.9	22.2	77	0
8.8	23.5	80	0
10.2	22.3	81	1.6
8.8	23.6	73	0
10.3	25.6	70	0
16	19.5	95	3.4
13.8	18.7	78	50.8
10.2	18.9	79	1.2
7.1	20.3	73	0
10.7	18	63	0
10.1	18.8	61	0
11.1	21	53	0
7.5	22.9	59	0
9.3	24.5	73	0
14.7	24.7	71	2.2
11.6	27.7	69	0
15.5	29	76	0
15.2	30.5	73	0.6
17.5	31.3	60	0
21.1	26.9	63	0
19.2	22.6	93	52.6
15.9	23.1	84	2.4
11.4	20.8	56	0
8.8	23.3	65	0
9.1	24.8	68	0
12.1	25.5	56	0
12	27.3	63	0
12.7	29.7	70	0
14.7	29.9	59	0
14.8	29.4	49	0
18.1	30.1	46	0
18.9	27.6	47	0
17.9	24.2	92	4
14.8	27.6	77	19.2
17.8	21.4	86	18.8
13.6	22.6	69	14.8
14.4	23.3	69	1.6
16.7	23.9	72	12
16.1	26.6	70	0.6
15.7	27.3	71	18.4
17.3	29.9	65	1.2
16.6	31.6	63	0
18.9	30.4	63	0
21.3	29.8	50	0
20.3	29.7	82	3.2
18	26.7	85	25.6
16.7	22.5	59	0
11.2	24.3	59	0
15	22.2	54	0
10.5	26.2	65	0
13.7	28.8	67	0
16.1	31.1	57	0
15.1	25.6	72	0.4
10.3	25.9	62	0
14	20.8	64	1
10.4	18	71	3
8.6	20.5	79	6.2
9.9	21.2	68	1.6
9.4	25.9	71	0
12.3	29.2	62	0
13.9	30.8	47	0
19.3	29.1	60	0
17.5	30	75	1
11.3	22.2	57	0
9.1	26.7	49	0
13.5	31	57	0
14.8	34	55	0
15.7	38.1	55	0
23.2	35.8	46	0
20.1	31.1	45	0.6
13.6	29.4	56	0
13.9	29.2	53	0
16	28.9	57	0
16.5	31.6	48	0
16.1	30.7	51	0
17.8	32	66	0
20.1	33	55	0
20.1	32	68	35
21.6	26.4	81	1.4
21.5	28.9	66	5
22.1	30.6	86	14.2
24	25.5	61	2.4
19.9	31.4	83	13.8
18.5	33.7	71	0
19.8	26.9	70	0
12.9	27.2	64	0
12.9	29.3	70	0
16.1	31.9	63	0
17.8	32.5	60	0
19.8	34.6	60	0
20.7	31.4	53	0
19.8	30.6	68	0
14.9	32	60	0
21.1	34.4	63	0
14.3	31.6	60	0
12.6	32.3	56	0
14.5	32	59	0
16.7	35.4	68	0
19.9	38.2	56	0
20.5	39.8	57	0
21.9	33.7	77	0
21.9	36	74	3.4
22.5	28.2	80	2.6
20.4	23	97	99.2
14.7	21.5	81	51
10.8	25.5	58	0
13.4	27.3	66	0
15	29.4	66	0
17	29.7	79	0
19.8	24.8	98	39.8
18.7	28.5	88	28.2
15.1	28.6	73	0
14.5	29.2	57	0
16.4	28	69	0
18.9	22	80	0.2
18.9	29.2	90	5.8
19.3	30.7	68	0
21.7	29	91	12.2
16.7	25.7	80	12.8
10.1	22.5	62	0
12.3	25.2	53	0
12.6	28	66	0.2
13.9	29.2	76	0
16.5	29.8	75	0
15.6	30.9	70	0
19.6	24.8	87	0.2
17.9	30	85	11.8
16	22.8	82	0
8.8	23.4	67	0
8.4	22.3	77	0
8.6	22.1	79	0
11.5	25	58	0
9.6	25.3	68	0
10.6	26.6	73	0
11.4	28.7	71	0
16.8	27	61	0
18.7	20.8	92	13.4
16.8	27	90	10.2
17.2	28.2	88	0.6
19.6	29.3	87	0.6
18.2	26.9	96	19.8
16.3	28.4	81	0.2
17.1	28.2	87	0.4
12.1	25.9	84	0.2
12.8	26.3	77	0
13.3	27.4	74	0
13.9	28.1	71	0
18.2	25.9	75	0
18.6	26.8	82	0
16.3	20.1	76	0
13.9	22	90	8
13.3	22.1	77	0
9.6	24.2	67	0
9.8	23	69	0
10.2	24.7	81	0
11.5	25.7	86	0
12.3	25.8	87	0
7.2	22.1	83	0.2
8.7	20.4	81	0
12.3	22.3	90	0
9	21.9	74	0
6.7	19	85	0.6
4.4	18.1	70	0.2
2.8	16.8	76	0
3.4	15.9	96	0
2.1	16.8	94	0
3.8	16.1	60	0
1.1	15.2	69	0
3	11	83	3.6
0.2	10.1	94	0.4
3.8	14.1	98	5
3.8	14.3	82	1.8
-0.7	13.7	95	0
0.8	11.2	99	0
0.5	15.8	85	0
2.3	17.9	99	0
2.7	16	91	0
4.5	18.6	93	0
3.3	20.5	85	0
5.8	22	94	0
10.2	15	88	17.4
8.9	15.6	85	3.6
3.1	14.7	74	0
1.3	14.9	75	0
1.9	13.8	99	0
2.6	13.9	99	0
2.5	14.8	99	0
3.6	15.9	76	0
2.8	19.4	73	0
3.1	19.8	86	0
2.9	17.6	99	0
4.3	18.3	97	0
8.5	14.8	95	8.8
2.2	12	98	0
4.9	12.8	77	2
-0.5	9.8	97	0
1.5	10.2	89	2.6
2.9	14.6	89	0
-1.1	14	85	0
-1.4	13.9	82	0
1	16.1	76	0.2
-0.3	15.9	91	0
1.7	16.7	78	0
0.5	16.9	82	0
1	16.1	89	0
3	12.6	92	1
5.7	12.5	91	0.2
3.3	11.8	99	0
7.6	14.6	86	3.6
6.6	11.6	93	10.6
5.9	11.1	93	0.6
6.2	14.2	85	3.4
2.9	13.1	99	0
5.5	15.5	99	0.4
3.2	15.7	99	0
0.9	16.4	99	0
-0.2	15.2	98	0
0.9	16.6	81	0
0.3	15.2	92	0
0.3	14.1	99	0
0.2	15.2	99	0
2.9	14.8	98	0
6.3	14.8	85	15.4
6.9	11.2	84	3.8
7	10.8	94	1.2
6.8	11.2	85	4.4
-0.5	8.3	93	0
4.3	9.2	94	4.2
6.4	11	78	0
4.7	11.8	85	6.6
5.7	10.5	83	0
7.1	9.8	91	0
-0.3	12.6	99	4
-1.6	12.1	95	0
0.2	14.1	78	0
5.3	11.1	86	0
8.4	11	92	8.8
0.4	14.5	99	1.8
0.3	16.7	99	0.2
3.5	17.2	75	0
6.9	15.6	56	0
0.1	14.6	72	0
1.6	9.3	93	0.2
5.5	13.2	99	16.2
4.1	14.1	99	2.2
0.5	14.5	99	0
0.2	13.1	99	0
-1.4	14.7	92	0
0.6	16.1	89	0.2
4.9	14.7	96	1
3.4	19	92	0
6.5	20.6	90	0
3.9	21.5	92	0.2
7.1	22.9	64	0
5.6	20.7	65	0
9.9	12.9	99	14.6
5.3	11.1	96	4.2
7.1	12.3	95	8.2
3.1	10.1	89	1.2
6.3	10.9	89	3.6
3.4	16.8	84	2.8
1.6	16.3	74	0
0.7	13.4	91	0
4.3	17.3	88	0
3.9	13.8	86	1.2
9	19.4	80	0.2
7.1	12.6	95	5.6
7.4	10.8	90	30.8
6.9	19.3	88	0.8
3.2	17.3	62	0
2.1	18	79	0
1.8	17.7	79	0
2.5	16.9	99	0
2.4	17.5	99	0
2.5	20.7	99	0
1.9	16.6	99	0
0.8	16.8	71	0
0.4	16.2	72	0
1.4	15.9	80	0
0.6	15.7	99	0
0.4	15.8	87	0
2.6	18.3	82	0
2.8	20.4	65	0
2.6	19.6	71	0
6.5	16.8	65	0
4.8	21.4	86	3.2
10.8	18.8	55	5
-0.1	14.4	78	1
0.4	15.9	74	0
2.7	14	70	0
0.9	20.8	83	0
1.7	17.2	72	0
4.4	20.8	78	0
3.7	21.7	78	0
5.5	23.9	52	0
5.3	26.7	70	0
10.1	13.6	73	1
1.7	18.2	99	3.6
4.4	22.1	81	0
10	18.4	65	0
1.9	18.3	69	0
8.6	19.8	53	1
3.1	19.6	65	0
7	21.3	72	0
11.5	19.2	69	0.6
10.7	12.3	84	28.4
7.5	15.5	84	8.2
8.2	13.5	85	3.8
4.2	17.6	69	5.8
2.9	18.3	67	0.8
4.1	19.3	74	0
5.6	17.8	89	0
10.2	16	87	0
11.1	21.4	88	4.2
8.7	21.8	79	0
10.7	18.6	89	0
5.9	16.7	83	0
2.6	20.3	81	0
5.3	23.2	73	0
10	24.3	74	0
10.3	25.5	77	0
9.1	18.7	58	0
4.3	20.3	64	0
5.2	23.7	69	0
5.7	25.7	63	0
8.3	28	68	0
11.3	24.7	77	0
13.3	25.9	85	0
11.7	30.9	66	0
18	28.4	46	0
11.9	20.6	85	12.2
11.7	23.3	57	0
8.8	23.8	63	0
12.4	25.9	80	0
16.7	25	91	1.2
9.9	20.1	74	0
6.4	23.1	60	0
9.3	24.8	62	0
11.4	22.2	64	0
9.3	22.3	61	0
8.1	26.6	57	0
9.8	29.6	72	0
13.8	32.9	63	0
15.8	28.5	83	5.4
16.7	30.1	72	0
15.7	31.2	85	0
13.9	22.8	87	34.8
9.6	25.3	72	0
12.5	27	65	0
13	28.3	66	0
16.1	28.3	49	0
11.9	29.3	65	0
16	22	62	0
12.8	27.5	89	0.2
15.1	31.9	66	0
19.9	29.6	72	0
17.4	22.8	92	0
8.1	23.5	54	0
11.9	22.7	76	2.6
10	24.4	53	0
10.8	26	44	0
15	20	99	11
15	25	83	44
15	27	76	14
12	31.5	72	0
18.4	35.9	68	0
19.2	21.6	66	16.6
7.2	22.9	55	2.8
10.6	23.6	49	0
10.2	27.1	53	0
9.7	22.9	50	0
9.6	22.5	46	0
8.5	25	54	0
12.6	26.6	49	0
15	29	62	0
13.6	29.1	62	0
17.8	25.1	72	0
15.8	28.3	94	12.2
10.9	26.7	63	0
12.6	24.6	49	0
11	25	51	0
11.7	27.7	54	0
14.2	28.9	67	0
14	30.7	67	0
19.3	25.6	43	0
18.7	27.8	84	3.6
13.4	29.9	60	0
18.6	28.5	56	0
16.4	29.6	63	0.6
15.2	31.3	72	0
16	33.1	58	0
17.4	26.6	68	5.2
17	29.4	81	9
15	29	69	0
15.2	29.4	50	0
13.8	29.7	49	0
15	30.4	50	0
15.8	31.8	54	0
15.7	34.9	61	0
17.8	36	57	0
19.7	38.9	55	0
20.5	32.5	60	0
13.3	30.6	59	0.4
12.6	29.2	43	0
11.7	33.4	47	0
19.1	26.1	91	5.6
12.7	24.6	56	3.8
10.8	24.8	57	0
12	19.5	85	0.4
6.2	25	52	1.2
9.9	28.3	62	0
13.3	29.4	49	0
15.1	31	52	0
16.5	31.6	48	0
18.9	33.4	41	0
16.1	30.7	64	0
17.8	36.1	59	0.4
20.1	36.2	58	0
18.5	35.3	56	0
20.9	33	49	0
14	32.1	44	0
16.3	32.8	55	0
17.8	35.5	52	0
17.5	36.4	38	0
19.9	35.4	50	0
19.9	34.5	56	0
20	36	49	0
20.8	29.1	92	26.8
15.1	27.9	61	9
14.9	28.5	52	0
15.2	29.4	55	0
17	29.8	69	0
15.5	32.5	63	0
16	33.5	61	0
11.1	25.6	58	1.4
10.9	28.1	63	0
12	28.9	61	0
14.8	24.6	61	0
13.8	27.4	78	3.6
11.5	27.8	69	0
12	29.4	68	3.2
13.5	29.7	61	0
14.7	31.4	60	0
15	31.9	65	0
16.9	28.3	83	0.4
17.6	31.3	75	0
15.9	31.2	68	0
19.6	28	62	0
16.1	21.4	82	0
13.5	28.9	72	1.4
14.5	30.5	65	0
13.7	32.4	73	0
14.2	34.5	65	0
15.2	36.1	65	0
17.6	25.5	91	1.4
18.5	28	88	10.6
18.8	26.6	100	38.4
19.5	24.8	74	0.6
17.1	20.9	97	104.2
17	25.8	60	36.6
18.8	19.6	62	0
16.7	24.8	100	66
11.8	25.1	85	0
12.4	26.2	79	0
15.8	23.2	49	0
15.1	24.1	49	0
12.1	27.1	76	0.4
10.8	25.9	77	0
10	25.8	87	0
13.1	27.8	82	0
13.7	29.9	77	0
15.5	29.3	77	0
17.2	30	79	9.6
19.2	20.4	93	19.2
12.6	24.4	98	17.4
10.4	25.5	68	0
11.6	26.3	78	0
12.4	28.4	74	0
16.5	27.7	66	0
8.2	22.1	72	0
11	18.3	83	0
8.9	19.7	79	0.4
6.2	21	85	0
7.7	23	90	0
10.6	22	86	0
13.5	23.4	86	0
9.4	25.4	87	1.4
11	26.5	81	0
10.2	27.6	82	0
12.6	26.3	74	0
11.1	25.9	78	0
12.9	29.9	75	0
13.1	28.1	78	0
12.7	28.5	78	0
14.5	28.6	81	0
10.1	20.4	59	0
5.4	19.1	83	0
5	18.6	81	0
1	17.5	68	0
3	20.1	68	0
4.3	21.7	79	0
4.8	22.7	78	0
6.7	19.8	82	0
9.4	25.4	81	0
8.2	26.2	79	0
9.9	24.9	71	0
13.7	26.2	66	0
16.9	21.4	80	0.8
14.6	22.7	100	34.2
11.2	25.4	86	0
14	23	95	1.4
12.2	22.5	95	8.2
10	14.2	84	0.8
7.3	17	81	1
5	17	95	0
5.5	19.6	100	0
5.4	19.6	100	0
4.6	18.4	97	0
4.4	19.9	79	0
6.8	20.7	93	0
7.6	16.3	94	0
2	14.7	80	1.6
3.5	15.7	87	0
3.2	15.5	100	0
4.1	13.3	100	0
4	14.5	99	0
5.5	20.3	91	0
7.2	17	92	0
7.5	21.4	100	0.4
6.2	19.5	93	0
1	14.7	84	0
6.4	14.8	81	0
-0.4	15.5	81	0
0.4	17.5	84	0
3.2	17	94	0
2.3	16.7	100	0
2.3	15.3	94	0
2.6	17.8	97	0
1.9	17.2	100	0
0.9	15	100	0
1.9	15.6	90	0
4.2	19.9	78	0
7.8	17	82	0
5.5	9.4	87	29.4
6.7	13.2	95	6
5.7	15.4	100	0.4
1.9	15.9	97	0.2
1.7	17.4	92	0
2.1	18.2	100	0
1.1	16.1	100	0
3.5	16.3	100	0
2.2	14.6	94	0
5.7	13.7	84	3.6
4.8	14.5	100	0
6.2	16	63	6
-1	15.1	85	0
0.1	14.3	80	0
-0.8	13.9	96	0.2
0	14.8	100	0
0.2	15.6	100	0
-0.3	15.9	84	0
0.4	16.4	81	0.2
0.2	15.2	85	0
2.3	16.7	97	0
7.3	15.6	83	0
1.4	10.3	98	0
4.4	11.6	93	0
1.3	12.7	96	0
5.6	14.2	87	2.8
-1.3	11.7	100	0
3	13.8	83	0.6
7.5	9.7	91	5.2
-1.7	10.6	100	0.8
0.2	11.3	98	0.4
3.1	13.3	100	1.4
2.4	14.3	100	1
1.8	13.7	93	0
1.2	12.3	100	0
5.5	15.5	100	3.8
0.6	11.7	100	4.6
3.7	9.6	100	3.8
6.4	12.3	97	4.6
0.3	12.6	100	0
-0.2	13.9	100	0.2
-1	14.2	83	0.2
-2	12.9	87	0
-2.5	13.3	94	0
-1.6	13.7	91	0.2
0.2	15.1	95	0
5.2	11.9	95	2.4
9	14	87	27.2
3.8	12.6	100	0
7.1	15.8	100	15.4
9.8	14.5	97	14.2
6.4	11.3	89	9.4
7.2	12.4	94	2.8
8.7	15.4	100	0.4
7.7	15.3	84	0
-0.8	12.7	100	0.6
2.3	15.3	86	0
1.4	15.3	100	0
0	15.7	92	0.2
-0.1	16.1	100	0
0.4	13.6	100	0
2.9	14.6	94	0
7	14.8	91	2.4
6.7	11.5	96	6.2
4.1	13.2	100	4
1.1	13.7	100	1.8
-0.6	13.1	100	0
-1.3	13.9	80	0
-0.5	13.7	76	0.2
-1.8	12.1	87	0
2.5	14.9	95	0
1.5	14.9	99	0
3	16.6	92	2
4.1	11.9	86	1.4
2.6	13.4	80	0
-0.5	16.3	87	0
5.7	11.8	87	11.2
-0.5	15.4	77	1
-0.7	16.6	87	0
0.6	16.5	79	0
-0.1	15.4	89	0
1.9	16	95	0
2.1	13	100	1.2
6.2	14.7	88	0.6
6.4	11.7	95	13.4
3	14.9	99	6.6
0.6	13.3	100	0
2.1	12.4	89	0
2.1	16.4	84	0
6.2	19.4	74	0
8.2	13.6	79	1
5.3	11.4	90	9.4
6.1	10.7	86	2
7	14.2	85	0.8
-0.2	14.3	100	0
1.2	15.3	87	0
2.9	17.6	72	0
6.2	12.8	85	0.6
3.4	13.4	88	1
-1.3	15	76	0.4
0	16.2	83	0
0.6	18.7	75	0
4.3	21.2	76	0
2.7	22.1	39	0
7.7	17.2	69	0.2
6.8	13.8	86	2.6
7.5	15.2	86	3.4
6.8	17.3	73	0
3.5	19.1	100	0
2.7	18.8	94	0
2.6	20.9	80	0
9.1	15.5	67	1.6
0.8	13.7	77	0
2.4	17.5	79	0
3	17.6	88	0
4.7	17.9	82	0
5	16.5	85	0
8.4	19.2	87	13.2
10.4	22.1	87	0.4
11.9	19.4	85	0
5.1	19.9	90	0.2
4.2	20.7	79	0
5.3	15	74	0
0.8	17.7	67	0
2.5	22	74	0
7.6	25.7	77	0
14.3	24.3	45	0
8.1	14	69	4.2
2.6	15.3	75	0.2
1.8	19.1	70	0
4.6	22.2	66	0
5.2	24.8	75	0
5.6	28.7	70	0
11.7	13.1	97	0
2.7	17.1	72	33.4
3.5	16.8	93	0
3.5	18.3	80	0
5.6	16.2	69	0
7.4	11.6	89	0.8
5	17.9	48	7.6
4	18.6	76	0
4.7	21	83	0
6.4	25.7	79	0
8.7	19	87	0
5.2	19	69	2.2
5.5	22.6	79	0
8.5	27.2	78	0
8.8	24.9	73	0
7.9	20.7	72	0
5.8	19	56	0
4.4	20.7	64	0
5.4	23.6	71	0
12.7	23.8	40	0
7.1	18.5	72	0
6.3	20.4	64	0
6.2	23.7	63	0
9	27	72	0
11	28.8	64	0
10.8	31.2	70	0
17.3	20.6	53	0
6.4	22.4	64	0
9.2	24.5	65	0
9.2	28.5	69	0
11.6	27.3	68	0
17.8	29.7	73	0.4
18.4	20	95	10.6
16.1	26.1	83	24.6
10.3	21.8	68	1.6
6.5	22.9	52	0
8.3	24.5	67	0
9.3	31.6	68	0
9.1	24.6	63	0
9.9	24.6	61	0
10	26.2	67	0
13.1	24.1	54	0
9	24.2	57	0
7.2	21.4	50	0
5.8	25.3	58	0
8.3	26.9	56	0
12.3	32.4	46	0
10.9	27.4	47	0
11.1	29	61	0
12.4	32.7	64	0
15.3	36.7	55	0
16.6	31.9	59	0
15.9	28.1	71	0.2
16.8	32.5	59	0.4
17.8	37.4	56	0
23	34.4	53	0
12.1	34.5	49	0
13.8	33.6	48	0
15.8	36.9	32	0
18.6	40.7	44	0
19.8	43.4	36	0
20.9	42	40	12.6
21.9	40.4	47	0
21.9	39.2	24	0
13.3	25.1	46	0
11.2	32.2	48	0
14.5	38.8	48	0
17	28.8	42	0
18.1	22.3	57	0
8.9	27.1	46	3.2
11.2	31.4	52	0
13.6	36.1	51	0
15.5	39.9	46	0
18.9	43.1	38	0
18.1	32.2	51	0.8
16.4	34.6	51	0
19.2	36.8	46	0
16.6	36.5	63	0.2
15.7	34	45	0
15.9	37	56	0
21.2	35.2	47	0
21.6	36.5	50	0
15.3	32.9	60	0
18.4	34.7	61	0
20.4	32.1	51	0
9.9	29.9	53	0
11.5	33.9	45	0
16.9	26.6	49	0.4
14.3	29.2	46	0
12	31.8	52	0
12.8	31	64	0
13.5	30.9	66	0
14.4	31.3	65	0
16.6	33.8	64	0
17.9	34.9	65	0
18.6	33	65	0
19.7	35.1	65	0
20.1	35.7	56	0
19.4	33.7	66	0
17.7	33.9	47	0
15.5	30.7	63	0
13.8	31.7	64	0
12	27.5	60	0
11.1	23	39	0.2
7.1	24.1	55	0
9.1	26.3	63	0
9.9	28.6	59	0
14.9	20.2	81	2.6
10.1	23.3	73	17.4
9	24.2	79	0
9.5	28.3	82	0
10.3	27.7	76	0
14.9	31.3	70	0
13.8	35.1	69	0
18.3	22.2	84	10.4
6.6	20.4	68	19.8
7	21.5	92	0.2
10.9	23	72	0
8.4	22.9	86	0
8.5	23.8	83	0
8.6	22.5	61	0
8.9	24.3	72	0
10.3	25.3	78	0
11.2	25.7	80	0
10	26.7	74	0
11.5	26	67	0
10.7	26.6	72	0
10.3	27.1	72	0
10.3	27.6	76	0
11.4	28.2	74	0
10.4	26.7	75	0
14.4	24.8	80	0
14.5	23.6	77	0.8
8.3	23.8	63	0
8.9	22.2	69	0
8.6	23.9	73	0
5.1	17.8	50	0
2.6	20.3	55	0
4	21.1	70	0
10.6	14.6	90	7
10.9	20	85	1.6
6	16.9	89	0
5.7	20.5	83	0
6	21.4	79	0
5.6	23.1	90	0
7.9	26.5	66	0
7.9	15.8	92	0.2
8.6	20.4	77	2.6
9.3	17.9	83	0.2
2.5	18.6	74	0
1.7	20.6	79	0
6.6	19.7	81	0.4
1.6	17.9	66	0
2.5	18.6	66	0
6.2	23.2	86	0
5.7	23.4	81	0
5	24.2	82	0
11.3	15.7	96	9.8
1.9	11.6	100	4.6
6.1	13.7	97	7.4
9.1	14	90	1.4
3.5	14.9	100	1.6
1.4	13.1	100	0
0.6	15	100	0.2
2.9	14.6	99	1.4
5.3	14.9	100	1
2.8	13.5	98	0
5.4	17.2	59	0
1.4	17.4	75	0
-0.2	16.3	100	0
1.3	12.8	100	0.2
1.1	16.6	100	0
2.7	18	79	0.2
4.2	19.3	100	0
7.8	15.2	98	0.6
11.2	17.6	100	16
10.3	15.4	99	19.4
11.4	17.3	68	53.4
0.6	14.3	84	0.2
1.9	14.5	100	0
3.5	13.6	100	0
5.8	15	100	0.4
8.5	16.9	95	1.2
1.7	14.6	100	1
0.6	13.8	100	0.2
3.1	13.8	100	0
3.4	15.6	100	0
4.9	11.8	100	15
10	13.4	0	16.8
4.3	12.2	100	3.6
1.2	15.4	93	0.2
-0.2	14.3	83	0
0.3	10.4	100	0.2
3.1	15.5	100	0.6
0.8	14.5	89	0
0	14.1	97	0
-0.5	13.2	97	0.2
-1.3	13.9	87	0
-0.4	14.1	89	0
2	13.1	84	0
7.8	17	56	1
0.9	16.8	81	0
-0.1	14.1	95	0
2	16	92	0
4.3	18.4	100	0
1.4	15.7	97	0
2	12.9	100	0
7.4	16	100	0.6
3.1	14.8	100	0
1.9	15.4	83	0.2
8.4	12.2	73	0
4.8	13.3	83	1.6
6.1	13	91	2.2
4.6	13.9	100	2.6
-0.5	12.6	90	0
3.2	14.9	78	0.2
1.7	15.1	84	0
1.5	15.8	100	0
5	14.8	100	0
8	14	100	5
11.1	14.6	86	5
10.1	15.5	100	2.4
11.1	18	100	2
12.1	20.5	73	0
13.5	17.3	83	33.6
8.3	11.9	89	4.4
4.5	11.2	92	7.2
4.4	11.7	76	0
3.4	12.4	100	0.6
1.9	14.7	100	0
0.8	11.3	100	0
3.5	12.8	98	0
0.3	13.9	100	0
3	16.1	98	0.2
6.2	17.7	87	5
5.7	13.2	100	0.2
5	14.5	100	0
2.8	14.3	100	0
7	15.9	87	0
4.7	10.4	87	1.2
6.3	13.1	89	1
7.4	13.3	96	1.6
8	13.6	74	2.8
3.4	11.5	94	0.4
5.9	15.9	81	8.2
2.6	11.2	95	0
5.7	16.6	95	2.8
2.9	15.6	100	0
5.8	14.9	94	17.2
4.6	14.5	79	1.2
7.4	18.4	65	0
1.8	14.1	84	6.6
2.1	16.2	100	0
6.4	14.4	78	3.8
4.7	18.3	79	0.6
6.6	11.3	85	6
1.5	10.7	86	9.8
2.2	11	94	0.2
6.4	11.9	89	4.2
8.6	12.3	94	8.8
6	15	100	4.2
8.1	16.2	87	0
9.5	17.1	76	0
8.1	17.8	91	0.4
5.4	20.8	91	0
9.8	20	84	2.8
10.2	18.5	67	3.6
6.1	20.7	88	0.2
5.3	22.2	80	0
7	23.8	74	0
8	23.3	80	0
7.5	23.7	82	0
11.9	22.6	79	0
13.6	20.9	82	0
10.1	19.8	73	0
4.8	18.8	75	0.2
7.9	23.4	73	0
12.5	17.5	80	0
6.2	16	79	0.4
2.4	15.4	81	0
2.6	14.7	67	0
6.4	19.3	73	0.8
3.7	20.3	84	0.2
7.7	13.6	93	3.2
10.8	18.4	100	37.4
11.2	18.7	92	0.2
7.7	14	79	1.2
7.3	14.9	87	2
5.2	17.6	100	0.4
5.8	20.4	94	0.2
6.1	23.9	77	0.2
14.2	22.3	63	0
10.6	24	68	0.2
10.3	16.7	84	0.8
2.6	18.5	74	3.6
7.4	16.9	64	0
3.7	20	75	0
7	26.4	70	0
15.8	17.2	87	1.6
3.7	19.7	64	4
6.8	16.5	64	1
3.2	18.9	74	0
5.5	21.7	83	0
6.2	22.9	76	0
4.9	20.1	77	0
5.6	20.6	69	0
5.6	24.3	83	0
0	18.5	73	0
5.2	23.1	78	0
6.8	24.7	70	0
4.6	15.5	77	2.2
2.5	20.1	81	0
3.8	25.5	75	0
11.2	17.7	62	0
0.8	18.9	72	0
3.6	24.7	75	0
7.4	29.7	67	0
10.8	27.6	64	0
16	26.2	81	2.8
13.3	18.2	90	2.6
7.9	16.5	62	0.4
2.1	17.5	64	0
5	19.7	61	0
5.3	21.3	68	0
10.6	24.6	65	0
9.4	22.6	54	0
6	23.5	61	0
6.3	25.2	70	0
7.6	27.9	69	0
8.6	27.9	65	0
10.1	21.1	67	0
3.1	20.3	46	0
6.3	25.6	58	0
6.9	29.6	58	0
8.9	34.3	48	0
17.7	30.9	62	0
9.3	21.9	62	0
10.5	21.3	52	0
10.6	17.1	57	5.8
12.1	18.6	75	4.4
10.1	17.2	86	0.4
8.2	21.5	69	0
5.1	25.1	69	0
12.4	26	55	0
9.1	27.2	61	0
9.5	28.4	58	0
10.2	31.1	55	0
11.3	33.7	57	0
16.8	27.2	63	0
10.6	27.1	54	0
8.1	23.7	54	0
8.6	26.1	58	0
11.5	26.7	50	0
8.2	29.7	49	0
10.5	32.6	58	0
14.2	35.4	56	0
13.1	25.6	37	0
9	27.5	41	0
9.9	30.4	46	0
15.6	34.4	38	0
15.1	37.1	47	0
21.5	23.7	62	0
10.1	17.5	90	29.4
5.8	20.4	62	3.2
7.7	26.1	63	0
10.2	32.1	55	0
18.1	30.4	56	0
12.1	22.4	60	0
10.9	24.5	43	0
9.9	27.6	55	0
11.2	30.2	47	0
14.4	29.5	56	0
12.8	31.1	48	0
15.8	32.9	51	0
16.9	34	54	0
18.8	37.6	41	0
19.2	39.7	34	0
22.2	40.7	45	0.2
23.7	40.5	40	0
25.2	36.4	36	0
18.3	23.9	93	5.2
11.6	29.1	75	13
15.7	29.1	64	0
14.9	30.8	61	0
14	32.5	57	1.4
14.4	37.1	57	0
16.1	30.9	27	0
11.7	30.9	50	0
10.4	31.4	43	0
12	27.4	56	0
16.7	27.7	61	0
18.9	30.6	40	0.2
13.1	25.6	46	0
8.4	29.4	50	0
12.1	23.7	42	0
9.8	27.5	43	0
14.2	30.4	42	0
16.9	29	48	0
14.4	33.6	54	1.4
16.5	36.5	55	0
18.8	38.9	37	0
17.1	39	46	0
18.6	41.2	44	0
21	41.8	47	0
23	43.6	34	0
21.7	42.6	37	0
22	41.2	27	0
21.3	37.9	50	0
19	34.2	55	0
17.9	33.2	54	0
15.8	33.3	43	0
16.2	34.5	45	0
20.1	23.4	84	2.8
13.3	25.9	52	31
12.4	29.4	53	0
14.8	32.7	52	0
16.4	36.6	63	0
18.8	40.6	51	0
20.6	39.7	49	0
21.8	41.7	50	0
23.2	41.6	51	0
20.7	41.1	43	0
20.5	40.5	34	0
21	31.9	25	1.2
16.7	30.9	45	0
16.6	33.7	46	0
16.7	36.8	57	0
18.4	40.1	49	0
18.8	42	31	0
18.6	36.8	46	0
13.9	36.9	56	0
17	36.2	54	0
21.8	31.2	57	0
21.3	30.6	62	0
19.2	23.1	99	21.8
20	31.4	76	7
13	29.9	61	0
15.3	33.4	72	0
18.1	32.3	63	0
11.6	22.8	80	1.6
8.4	26.8	59	0
10.6	29.8	68	0
13.1	31.4	53	0
14.5	33	61	0
14.8	34.6	63	0
17.5	31.4	74	0
10.8	30.6	66	0
16.4	27.7	58	0
17	27.2	94	8.8
15.8	30	83	0
15.9	32.3	68	0
15.9	32.2	63	0
19.7	31.5	76	0.2
16.1	32.6	76	0.2
10.2	29.1	60	0
13.3	32.5	59	0
14	31.5	62	0
14.9	34.5	62	0
18.6	34.3	59	0
19	30.1	90	2.8
12.1	29.1	77	0
14.4	31.9	68	0
12.6	31	59	0
13	20	70	2.6
9.4	25.1	77	0
12.8	27.8	87	0
9.9	29.5	70	0
10.3	32.5	59	0
16	30.8	54	0
14	25.5	85	4.4
8.6	23.2	81	0
10.6	20.7	78	0
13.8	27.3	79	2.4
14.4	21.9	83	0
17.4	26.2	100	16.6
17.6	25.8	92	0.4
14.6	26.7	81	0
13.8	19.7	86	0.4
11.6	26.7	100	9.2
14.6	28.3	90	0
13.8	28.5	86	0
17.6	21.6	94	1.6
14.9	19.6	95	9
14.5	23.3	100	16.8
11.5	25.2	65	0
12.8	24.9	79	0
12.4	25	78	0
15.8	18.2	96	5
15.7	17.6	100	12.4
16.4	24	100	66.2
10.9	23.8	69	0.4
12.1	23.9	61	0
13	21	57	0
8.2	22.4	63	0
8.7	21.8	73	0
7	22.4	75	0
7.9	21.5	89	0
4.3	18.1	70	0.4
3.8	16.4	86	0
4	17.4	80	0
8.2	22.2	78	0
12.3	22.5	82	1.6
9.2	20.9	78	0
5.3	22.5	71	0
11.1	22.8	90	0
5.3	21.1	73	0
7.8	22.9	84	0
10.4	22.6	94	0
10.5	18.1	89	15
5.5	17.3	72	0
5.1	14.5	83	0
8.4	12	96	3.8
7.9	15.1	77	0.4
9.1	15	78	0
9.6	16.4	97	0.2
3.2	16.3	77	0
2.3	16.6	67	0
3.3	17.8	74	0
8.9	13.9	99	2.6
8.1	18	100	11.4
6.1	19.3	100	0
4.9	18.1	98	0.2
4.9	18.8	88	0
6.1	18.5	99	0
6.6	20.2	85	0
6.5	19.5	87	0
9.2	18.7	98	0
7.8	19.6	95	0
10.1	20.5	100	4.2
9.4	20.3	100	0
8.5	18.9	0	0.2
8.1	20.4	100	0.2
11	19.1	100	1.4
7.7	18.8	100	0
8.8	22.2	0	0.2
12.4	17.5	68	0.6
10.6	14	93	36.4
8.8	17.5	100	0.4
6.7	18.5	84	0
5.5	18.7	98	0
10	14	95	8.2
10.1	15.8	99	2.2
11.4	13.8	89	0.6
6.3	15.6	99	0
4.7	16	82	0.2
2.6	16	86	0
1	14.9	89	0
1.2	18	82	0
2.5	16.8	82	0
1.7	14.9	100	0
3.8	16.6	98	0
7.9	12.2	100	3.6
8.2	15.2	0	17.4
6.6	16.4	100	1
1.7	11.7	100	0
5.7	13.8	95	6.8
4.2	11.3	100	0
5.4	11.2	96	0
3.2	16.5	100	0
6.9	15.1	97	0.4
3.6	14.4	100	0.2
5.8	12.2	80	0
5.7	12.2	95	8.6
5.8	13.2	86	7.6
9.2	14.6	91	1.4
8.4	14.4	85	0.4
9	12.4	78	1.4
6.4	10.7	98	5
2	10.1	97	1.2
4.9	11.1	100	1
5.5	12.2	100	0
4.7	13.9	100	0
3.6	13.9	100	0.2
4.1	11.1	93	1.8
7.2	9.6	94	0
4.8	10.7	100	0
6.1	13.3	93	0
5	11.6	89	3.8
6.7	10.5	87	9.8
7.1	11.3	91	0.4
7.4	12.3	98	4.4
-0.5	11.8	100	0
-0.9	12.6	100	0.2
3.5	11.3	96	0.2
6	14.2	100	7.8
8.1	12.4	86	2
3.4	13.2	87	6.6
-1.7	15.1	93	0
-2.1	13.7	90	0
0.3	13.2	100	0
-1.3	13.8	89	0.2
-1.5	14.6	93	0
1	12.4	96	0
2.2	17.8	100	1.8
4.2	13.6	100	0.2
6.7	12.7	100	0
2.7	15	100	0.2
3	16.9	100	0
7.9	15.4	84	0
8.9	19.7	63	0.4
4.7	8.7	85	1
-1.1	11.5	89	2.2
-1.7	12.7	84	0.2
-1.8	14	79	0
-2.8	13.5	94	0
0.1	10.5	100	0.2
3.6	14.6	92	0
2	13.8	100	0
1.7	14.2	100	0
5.5	14.6	95	0
-1.3	12	81	0.2
-1.7	14.1	65	0
-1.5	14.6	76	0
-0.7	16.2	79	0
0.3	17	83	0
0.9	15.3	87	0
6.6	11.6	75	0
7.6	18.3	81	6.6
4	18.7	86	0
2	16.3	75	0
2.3	17.5	81	0
2.6	18.5	77	0
2.9	19.8	74	0
3.8	17.8	93	0
2	17.3	100	0
4.7	20.2	63	0
3.5	19.1	72	0
2.3	18.7	75	0
2.5	19.3	79	0
2.3	18.8	79	0
2.8	19.6	81	0
4.6	20.5	83	0
6.6	15.6	79	1
-0.6	15.4	71	0.6
0.2	16.3	70	0
2.3	18	68	0
3.3	18.8	72	0
2.2	20.3	77	0
3.7	20.3	73	0
11.7	18.4	66	0.2
7.7	16.5	85	12.4
10.1	17.8	70	0
1.7	17.4	73	0
2.6	19.3	77	0
3.2	20.1	100	0
4.8	20.7	81	0
7.8	19	68	0
6.8	16.1	74	0.2
3.8	15	76	0
1.1	16.6	77	0
2.9	18.9	67	0
7.8	19.8	88	0
12.7	21.8	93	41
6.8	17.8	93	0.6
5.3	20.6	82	0
7.3	24.1	77	0
11.3	21.9	49	0
7.3	24.3	76	0
5.3	16.3	64	0
4.9	22.8	80	0
5.8	23.5	73	0
8.6	28.3	83	0
12.9	29.9	73	0
11.7	18.6	76	9.6
5.1	18.6	69	0
5.7	21.5	78	0
7.6	23.6	82	0
7.1	27.4	70	0
8.2	30.3	67	0
14.8	19.3	79	3.4
7.3	18.1	87	3.2
2.9	19.5	73	0.2
3.5	19.3	70	0.2
5.1	20.3	60	0
5.3	23.1	75	0
8.2	26.8	67	0
10.7	26.9	58	0
9.5	26.3	69	0
10.8	29	76	0
14.5	32.1	70	0
16.9	32.9	44	0
11.9	32.4	62	0
11.8	29.1	70	0
14.3	22	81	0.2
6.4	19.9	62	1
7.6	24.4	59	0
8.9	29	67	1.8
9.1	33.8	60	0
15.2	21.7	43	0
5.5	19.1	63	5
5.8	24.4	65	0
9.6	27.9	63	0
12	26	71	0
7.8	25.8	62	0
9.2	29.9	52	0
11.1	34	59	0
13.6	30.7	52	0
10	29.3	57	0
9.4	29.3	43	0
9.9	30.5	59	0
12.7	33.2	54	0
14.2	37.9	47	0
17.5	24.3	61	0
14.6	21.1	89	24.4
8.3	22.4	59	0.2
9.4	26.6	64	0
10.4	29.7	65	0
11.8	34.6	57	0
18.5	29.5	57	0
12.6	33.2	58	0
17.3	36.2	64	0.6
19.8	26.6	52	0
10.1	22.8	63	27
9.7	26	62	0.2
12.8	28.3	50	0
12.5	29.8	57	0
14.7	32.3	53	0
20.6	32.7	49	0
20.5	32.4	55	0
15.5	33.2	76	13.2
14.8	25.8	70	0
17.5	30.2	80	13.4
17.2	28.9	59	0
16	26.3	65	0.8
15.7	23.7	73	4.4
13.9	27.7	74	1.4
13.9	31.2	67	0
15	29.7	72	0
15.8	27.4	64	1.4
12.9	27.5	46	0
13	29.1	44	0
13.1	29.1	62	0
14.2	35.6	51	0
20.3	34.9	38	0.4
11.7	26.4	39	0
10.5	29.3	50	0
10.2	25	50	0
11.1	30	51	0
14.1	33.6	55	0
17.5	35.5	47	0
21.2	33.4	68	0.6
18	33.7	66	0.4
14.4	32.2	62	0
15.1	25.7	42	0
9.9	28.9	52	0
16.2	31.7	52	0
17.7	33.7	51	0
12	27	47	1.4
10.1	30.6	46	0
11.4	33.5	45	0
15.5	39.6	45	0
17.1	38.3	35	0
26	33.1	46	0
19	35.2	60	0
20.5	36.1	54	0
20.3	36.5	54	0
20.7	34.1	45	0
20.4	26.4	94	5.4
19.7	21.7	97	7
18.4	30.6	83	12.6
17.6	33.1	55	0.2
18.1	27	47	0
17.9	28.1	96	46.8
13.5	28.3	69	0.4
11.4	28.4	63	0
15.8	27.6	57	0
12.1	28	56	0
14.7	28.6	45	0
14.4	31.1	50	0
18.1	28.8	75	8.4
17.7	33.7	64	0
20.2	36	56	0
20.1	30.8	76	15.8
18	26.9	50	0.2
11.5	26	59	0
15.4	28.9	56	0
16.6	27.5	53	0
14	25	48	0
9.2	24	49	0
10.5	26.8	59	0
13.8	28.5	62	0
16.9	29	48	0
13.6	29.8	54	0
15.2	29.5	42	0
15	31.4	57	0
15.7	33.1	58	0
16.9	33.5	53	0
19.6	38.8	74	0.2
20.4	36.1	53	0
18.3	34	54	0
20.3	35.8	62	0
17.8	31.9	74	9.8
18.3	32	69	0
19.3	24.7	63	0.2
16.9	30.9	86	10.6
19.7	34.9	73	0
20.5	33.9	66	0
19.7	28.2	76	0
18	33.1	79	6
19	33.3	67	0.2
18.4	34.6	55	0
19	34.5	61	0
18.4	35.9	65	0
17.5	29.5	74	8
17.6	30.3	60	0.2
18	29.8	71	0
14.5	31.5	76	0
18.1	35.1	65	0
19.3	28.6	94	1.4
12.1	28.6	54	0.2
16.5	32	59	0
12.7	30.4	51	0
15.1	23.4	40	0
11.2	22.3	55	0
10	25.2	74	0
11.3	30.3	70	0
10.9	29.5	64	0
12.6	30	65	0
9.3	31.7	58	0
11.8	28.9	58	0
14.5	27.6	49	0
10.2	29	68	0
12.7	28.3	51	0
10	27.9	61	0
14.5	29.6	63	0
16.6	28.3	78	2.8
12.7	33.6	78	0
16.6	26.8	57	0
13.2	27.3	52	0
10.8	30.7	61	0
16.4	31.9	61	0
14.5	25.1	75	0.4
7.9	24.6	70	0
7.8	19.4	58	0
10.3	20.9	72	0
5.5	23.9	76	0
5.8	25.8	63	0
8.6	28.2	70	0
9	29.4	65	0
10.4	29.1	61	0
15.1	26.4	57	0
8.7	26.8	53	0
11.5	23.8	57	0
15.5	24.3	85	0.6
10.8	21.1	68	0
11.8	19.9	83	8.8
10.9	22.3	63	4
7.3	22.1	53	0
7.6	24.2	59	0
8.2	23.7	66	0
11.8	26.5	67	0
8.3	25.5	64	0
10.3	21.8	77	0
12.7	24.2	85	3
10.7	26.6	86	1.4
15.1	17.7	82	0.2
15.2	19.9	94	35.8
9.9	17.4	71	15.8
6.9	18.2	45	0.2
10.4	19.4	51	0
5.9	23.1	63	0
12.7	24	83	0.2
15.2	20	94	3.6
10	16	97	7
7.1	19.7	100	2.6
5.8	17.8	78	0.2
3.6	18.5	77	0
4.4	19.6	70	0
4.7	20.9	74	0
6.4	22.5	71	0
7.7	20.7	84	0
7.5	23.7	85	0
5	22.3	80	0
5.5	20.5	86	0
2.7	15.5	73	0
6.7	14.7	84	0.2
6.1	13.8	74	0
9.9	15.4	91	0.8
10.4	14.3	87	2.8
9.9	18	97	9.2
11.2	17.2	91	0.8
4.5	13.5	79	0.6
2.6	15.8	84	0
2.3	17.8	100	0
3.2	18.9	86	0
2.4	18	99	0.2
2.3	19.2	99	0
6.7	17.4	95	3.4
10.3	17.6	89	12.8
6.1	15	85	0
8	16.9	61	0
1.4	16.6	82	0
-0.2	13.9	99	0
2.6	15.2	96	0
2	13.8	77	0
5.7	14.7	100	0.2
7.4	18.7	96	3.2
9.1	15.8	100	11.2
5	15.4	95	0
8.4	14.5	80	0
3.8	11.5	75	2.4
-1.4	12.5	83	0
-1.2	12.6	84	0
-1.2	9.9	99	0.2
2.6	13.3	86	6.4
0.8	13.2	100	0.2
2.3	10.9	100	0
1	16.7	100	0.2
4.3	15	83	0
-1	13.4	85	0
0.7	15.2	75	0
-0.8	15.2	95	0.2
0.3	15.3	100	0
2.4	15.7	100	0
1.8	14	100	0.2
5.9	14.4	100	14.6
11.3	12.6	100	11.6
9.9	11.1	100	22.4
5.8	13.7	78	16.4
-0.9	12.2	80	0.2
-1.5	12.1	86	0
-1.2	11.3	99	0
1.4	16.8	98	0
7	14	100	7.2
8.2	13.4	100	1
1.8	14.3	100	0.2
2.3	13.2	100	0
5.6	12.4	90	0.2
0.4	15	99	0
1	8.6	99	0
2.9	10.6	99	0
4.6	12.1	87	0.8
-2.1	11	87	0.8
1.1	11.6	94	0
0.7	11.8	91	0
3.6	10	84	0
4.8	14.8	83	0
0.1	14.8	86	0
-0.5	13.2	92	0
3.3	14.2	94	1.8
8	13.9	85	2.4
5.1	11.3	95	5.4
5.9	13.7	78	2.8
5	9.1	78	0
4.4	6.8	96	10
2.9	11.9	90	4.4
-1.4	11.5	88	0.2
-1.6	12.4	90	0
-1.5	13	83	0
-1.6	13.7	93	0
-0.3	15.9	95	0
4.5	13.5	89	3
7.5	16.9	95	2.8
2.2	12.8	94	0.2
6.5	13.6	82	5.8
8.2	11.8	87	3
0.7	9.5	87	0
1.4	13.8	86	0
1	12.2	99	0
3.3	12.5	90	0
7.2	13.8	78	0.2
3.8	10.3	99	1.2
7.2	11.9	99	27.2
7.5	11.7	85	2.6
-2.4	8.6	85	1.4
2.2	11.5	94	4.2
2	10.9	87	1.4
5	12.6	100	1.4
1.3	14	99	0
0.8	11	100	0
3.8	15.1	99	0
3	14.2	99	1.8
1.8	9	86	0
1.7	12.3	90	5.4
4.2	12.8	93	0
2.1	17	100	0
1.7	15.9	100	0.2
5.5	14.2	82	0
-0.9	12.7	79	0
-0.1	13	94	0
0.4	16.8	78	0.2
2	16.4	81	0
7.9	20.7	92	1.4
8.9	17.7	89	0.8
7.5	13.5	76	0
8.8	11.7	87	15.2
5.8	15	65	15.2
9.8	15.8	94	10.6
4.2	16.2	99	0
1.2	13.7	99	0
1.5	15.5	79	0.2
2.2	15	72	0
1.1	14.9	99	0
1.9	17.6	87	0
7.5	17.9	96	23
3.4	17.5	82	1.2
3.2	17.6	99	0
5.2	16.4	90	0
8.2	13.6	76	1.6
6.1	14.9	94	1
0.7	17.5	80	0.2
4.9	19	69	0.2
3.9	19.4	79	0
6	21.1	81	0
6.6	23.2	79	0
7.3	24.1	75	0
13.3	18	73	0
2.5	16.7	79	0
3.7	17.9	77	0
3.6	19.2	67	0
6.1	20.4	70	0
5.6	21.5	74	0
6.4	20.9	82	0
6.2	16.3	68	0.2
-0.2	14.9	55	0
1.7	16.9	58	0
2.9	19	60	0
4.5	20.1	59	0
4.3	21.3	71	0
4.8	22.6	75	0
6.8	20.1	54	0
3.1	19.7	64	0
3.7	21.1	65	0
4.8	24.6	65	0
6.9	27.1	71	0
9.6	29.4	76	0
10.1	31	70	0
10	34.1	73	0
12	24.3	63	0
10.2	23.1	66	0
10.3	27.8	75	0
13.2	29.7	63	0
15.4	22.1	85	0.4
10.7	24.4	80	1.8
8.7	24.2	60	0
10	27.1	74	0.4
10.5	32.4	72	0
13.1	29.6	79	0
16	29	82	0
8.6	27.5	64	0
8.3	29.2	63	0
11.3	31.8	64	0
16.6	24.7	80	1.6
13.3	25.2	66	0.8
14.1	24.6	59	0.2
10.3	26.6	69	0
10	30.5	67	0
17.4	25.9	55	0
13.6	25.3	41	0
6.2	25.5	54	0
9.3	27.9	55	0
9.7	28.1	59	0
17.1	21.7	90	5.4
15	27.3	90	15.2
15.9	27.1	82	22.8
12.3	26.8	65	0.2
14.7	28.7	63	0
16.6	21.6	76	6.6
15.2	25.1	90	4.2
12.1	23.4	64	1.8
9.2	25.7	60	0
12	29.6	65	0
15.8	32.3	68	0
17.8	28.3	64	0
17.9	28.2	78	10.6
15.9	27.5	95	4.8
13.8	26.2	54	0
12.4	25.9	48	0
11.6	26.7	59	0
12.3	31	67	0
13.3	33.5	56	0
18.1	37.2	47	0
17.8	34.3	46	0
12.4	26.6	53	0
9.6	28.3	58	0
9.9	26.7	54	0
10.2	28.7	51	0
10	33.8	56	0
17.9	21.3	48	0
5.7	21.8	43	0
8.1	28.3	57	0
12.2	27	52	0
10	31.6	61	0
17.7	30.1	45	0
9.9	22.5	46	0.2
9.6	29.3	43	0
13.4	32	46	0
14.4	34.1	50	0
17.9	36.5	45	0
21.6	33.6	55	0
21.1	30.7	81	0.8
19.7	30.7	56	10.2
14.2	31.5	54	0
15.3	27	48	0
8.9	24.6	48	0
9.4	27.9	57	0
11.3	34.8	43	0
15.6	33.2	47	0
15.5	34.3	39	0
16.7	34.1	39	0
16.5	37.1	46	0
20.8	40	50	0
19.7	41.5	18	0
18	25.3	68	10
17	30.3	53	0
17.7	30	54	0
15.3	31.6	51	0
17.7	32	40	0
18.8	23.1	89	3.2
10.2	25	47	9.8
12.8	28.2	49	0
13.2	32.3	47	0
15.7	34.3	47	0
17.3	36.6	53	0
20.4	37.6	46	0
20.9	33.6	54	0.4
18.4	23.1	62	2.2
17.3	23.7	74	15.6
15.5	22.9	92	6.8
17	28.1	76	0.2
16.4	28	46	0
14.3	31.7	63	0
16.7	35	52	0
17.8	37	54	0
17.7	39.2	46	0
20.6	38.9	40	0
20.2	43	51	0
26.8	30.2	50	0
10.4	25.2	41	0
10.7	29.4	45	0
14.5	30.6	51	0
14.4	33.5	53	0
16.1	40	46	0
23.4	33.9	23	0
20.4	38	62	0
22.8	28.1	67	0
17	31.3	72	12.6
16.6	33.2	55	0
18.1	32.8	56	0
18.7	34.2	48	0
18.5	25.7	96	19.4
17.7	31.7	83	4.2
17.1	24.2	77	0
10	28.1	70	0
13.8	24.2	79	7
13	26.1	88	28.6
14.4	29.7	69	0.2
19.8	25.8	67	0
16.5	29.8	53	0.4
14.2	29.9	47	0
14.6	30.3	64	0
15.2	32.8	67	0
18	35.2	51	0
18.8	35	54	0
15.7	35	64	0
17.3	35.2	53	0
17.3	34.9	59	0
16.9	37.7	55	0
22.3	30.3	53	0
13.8	28.9	58	0
15.2	26.3	54	0
10.5	26.7	45	0
12.7	30.5	63	0
13.9	32.9	64	0
15.2	31.2	61	0
13.6	34.4	60	0
15.2	35.4	51	0
20.1	39.5	46	0
22.5	40.9	43	0
22.4	36.4	38	0
14.9	31.2	51	0.2
14.7	33.1	58	0
16.2	33.4	59	0
15.4	32.3	56	0
14.7	35.1	63	0
16.8	37.2	48	0
16.7	35	37	0
15.9	37	57	0
20.3	38.5	50	0
20.5	37.1	54	0
17.4	38.5	56	0.2
20.1	38.3	56	0
18.7	38.3	49	0
24.6	36.8	54	0
20	32.3	70	0.6
20	34	80	6.6
19.4	35.2	71	0.2
18	35.1	59	0
20.4	31.8	54	0
19.2	30.8	61	0
16	31.1	64	0.4
19.8	21.1	98	10.4
9.5	21.1	67	10.4
12.7	24.2	50	0
12.4	25.2	54	0
11	26.5	67	0
10	27.1	81	0
14.2	25.1	69	0
15.5	28.4	85	0.2
8.9	26.4	72	0
10	27.4	75	0
11.7	27.8	74	0
13.8	26.2	69	0
11.8	20.4	71	0.8
9.5	25.5	83	0
9.2	27	81	0
8.6	30	73	0
7.6	26.5	54	0
9.7	28.8	59	0
10.5	31.8	65	0
7.9	26.4	50	0
5.3	22.5	84	0
11.4	19.7	66	0
4.8	23.1	70	0.4
6.1	24	71	0
8.7	24.9	70	0
8.4	24.7	63	0
8.9	27.2	61	0
10	28.7	63	0
11	27.6	73	0
12.9	28.5	68	0
11.7	25.4	68	0
10.6	25.7	72	3.8
9.5	26.1	67	0
8.8	27	68	0
9.8	22.4	61	0
12.8	23.6	97	3.6
9.4	22.7	49	0
7.1	24.9	63	0
6.7	24.3	68	0
6.1	25.4	66	0
6.4	26.6	62	0
11.7	28.5	70	0
12.1	26.9	68	0
16.8	23.4	100	8.6
13.2	20	74	4
3.8	16.9	88	0
6.6	22.2	66	0
11	17.5	73	2.4
10.5	20.3	73	0
6.7	25.2	73	0
7.9	24	79	0
13.9	18.2	100	13.2
14.7	18.3	90	46
13.4	17.3	85	13.4
9.3	15.8	82	2.2
10.8	17.2	96	2
13.6	20.2	82	0.2
8.7	20.3	91	0
9.5	22.1	86	0
6.3	20.4	100	0
9.1	18.3	78	4.8
8	17.3	80	0
8.3	17.3	82	0
12.1	18.5	79	0
4.7	17.9	91	0
5.3	21.8	81	0
10.4	15.8	75	3
8.2	16.2	90	0
2.5	14.8	99	0
6.9	14.1	100	15.2
4.8	14	86	1.2
3.8	14.4	86	0
0.5	14.1	99	0.2
3.6	14.1	89	0
1.8	15.9	88	0
3.2	17.3	80	0
3.3	18.1	85	0
4.7	13.6	73	0
9.8	14.9	95	11.6
10.8	14.6	97	11.6
7.2	12.3	99	1.2
9	12.6	92	3.6
9.8	14.6	88	1.8
11.4	15.7	80	7.2
10.5	13.8	89	3
9.6	13	69	1.2
0.4	12.7	85	0
-0.6	13.8	88	0.2
0.9	15.2	90	0
0.9	11.4	100	0.2
0	12.9	95	0
4.1	15.9	97	7.6
9	17.6	100	0.2
8.1	14.3	99	0.2
10	16.6	90	14.4
8.8	11.6	89	1.4
9.1	13.7	89	12.6
9	13.2	85	0.2
6.6	8.2	87	4
-0.8	10.5	95	2.6
-1.3	7.5	99	0
2.1	10.6	100	0.2
2.5	11.8	100	0.2
6.2	13.5	99	0.8
3	11.2	90	0
5.2	11.4	96	11.4
7.2	12.5	88	0.4
7.9	12.7	100	0.2
8.2	11.7	97	0.2
6.7	10.6	92	1
7.2	15.4	80	7.6
4	16.5	100	0
6.5	11.8	96	0.2
7	15.8	100	2
6.2	14	100	0
9.1	16.2	82	16.6
8.6	12.9	79	0.4
3.6	9.5	87	9.6
-0.3	10.8	99	0.2
4.4	12.8	90	0
-0.4	14	100	0.2
0.4	16.5	94	0
2.1	13.4	100	0
7.3	15.2	100	5
8.5	17.3	100	0
6.2	16.8	100	0.4
9.9	18.2	92	6.8
7.1	10.8	82	24.2
-0.2	10.1	86	0.6
4.7	11.5	89	12
4.5	11.3	85	4
6.9	12.6	90	10.6
5.9	10.8	85	0
7.7	12.2	94	0.8
8.3	12.1	96	0.2
8	14.3	93	2.2
9.6	11.8	100	3.8
8.3	13.7	83	21
-0.2	15.4	85	0
1.4	15.1	76	0.2
0.5	15.3	79	0
1.2	13	100	0
0.7	15.6	88	0.2
1.4	15.1	89	0
1.8	17.2	87	0
7.4	15	79	2.6
4.7	13.4	81	0.2
0.7	11.6	100	0
4.7	15.4	87	0.6
4.7	16.6	81	0.2
2.2	16.8	100	0
1.7	18.5	89	0
6	18	92	0
4	19.6	100	0
9.3	16.4	58	0
5.3	12	86	11
5.4	15.4	83	1
8.4	13.9	91	0.2
4.2	15.7	88	11
2.6	12.2	79	0
3.3	14.1	97	0.2
0.2	13.6	100	0
0.7	13.5	85	0.2
2.1	16.9	89	0
3.4	18.2	85	0
7.8	15.3	81	0
10.6	18.4	100	22
8.5	16.7	96	0.4
6.1	13.9	87	0.2
9.6	16.6	90	33.6
7.7	15.1	82	0.6
4.4	15.9	93	0
4.4	18.1	100	0
5.5	20.5	90	0
8.1	20.3	94	0
12.6	17.8	86	4
11.2	17.7	91	17
3.7	14.9	81	0.2
5.1	17.8	86	0
6.9	19.7	79	0
12.4	16.2	84	8.6
8.3	13.6	88	10.8
9.4	16.1	87	0.4
4.4	18.2	86	0.6
7.1	13.8	98	1.2
7.4	15.9	81	7.4
5.3	14.9	74	0
9.8	16.2	96	12.8
9.3	18.8	76	0
4.9	20.5	73	0
8.3	20.5	83	0
11	17.5	96	3
4.8	15.9	73	0
7.1	15.2	79	2.8
5.3	17.9	78	1.8
11.1	14.8	89	20.6
8.4	13.7	98	16.2
9.2	14.9	98	9
5.9	21.7	86	0.8
10.8	15.1	76	12.4
8.3	15	90	8.6
3.5	15.7	78	7.8
7	21.6	72	0
9	23.8	86	0
11.8	22.1	83	0
8.3	20.9	76	0
9.6	14.8	89	6.6
5.7	14.8	81	0.6
5.3	16.7	75	0.2
6.9	18.5	57	0.2
4.2	20.7	77	0
5.7	22.4	82	0
11.8	24.9	53	0
9.7	17.6	85	9.6
10.1	16.4	82	0.8
4.7	16.2	73	2.6
3.6	19.4	78	0.2
7.4	23.7	75	0
6.4	16.2	73	1
3.3	17.6	67	0
3.6	19	67	0
5.3	22.9	82	0
12.7	24.6	52	0
8.2	22.2	72	0
7.5	23.3	65	0
9.3	25.7	72	0
14.7	24.3	64	0
5.1	17	67	1
7.1	18.6	63	0
7.6	19.7	72	0
6.9	23	71	0
7.6	28.2	70	0
9.6	18.4	57	0
7.9	20.9	66	0
8.8	29.4	70	0
11.6	24.9	64	0
9.7	25.9	73	0
9.9	24.4	67	0
7.7	26.9	67	0
14.1	27.1	87	8
11.7	16	87	1.8
11.3	20.9	80	18.8
6.9	22.9	61	0.8
8.9	26.3	74	0
11	29.3	73	0
14	29.9	66	0
14.8	31.5	74	0
14.6	32	59	0
19.2	36.2	66	0.8
21.6	26.6	51	0
14.3	21.6	98	19.2
5.9	21.6	62	0.2
8.2	22	55	0
7.3	24.5	63	0
9.3	28.1	67	0
11.4	29.2	56	0
10.8	29.4	62	0
12.9	32.2	56	0
13.7	30.2	58	0
12.8	30.8	61	0
13.8	31.2	58	0
12.8	32.8	46	0
19.3	32.8	62	0
19.8	26.1	72	0
10	29.6	62	0
11.5	29.7	51	0
9.9	21	54	1
7.5	26.9	56	0
10.7	29.8	57	0
11.7	33	57	0
13.4	37.2	51	0
20.4	26.9	65	0.4
13.8	29.8	51	0
16	22.7	93	5.2
17.3	28.5	72	0
9	26.3	40	0
10.3	29.5	52	0
13.1	29.6	67	0
9.7	28.3	47	1.2
14.1	31.4	47	0
15.4	35.3	49	0
17.5	34	49	0
15.9	35.6	58	1.6
17.6	36.5	45	0
20.9	31.5	88	2
21.9	35.6	50	0
22	27.7	93	3.8
22.8	32.1	85	3.2
15.9	33.1	54	4.4
15.5	31.6	63	0
14.9	32	63	0
13.7	32	51	0
16.2	33	53	0
18	33.5	48	0
17.1	35.4	60	0
17.9	35.4	48	0
19.1	36	67	0
21.3	30.7	61	0
19.8	31	77	10.6
20.1	34.2	72	0
14.5	35	57	0
16.7	32	64	0
16.9	25.4	62	14.2
11.5	31.6	62	0
13.3	34.8	62	0
16	40.9	56	0
16.7	30.4	44	0
14.9	33.3	52	0
18.6	28.1	100	18
11.4	30.1	64	2.6
14.6	32.9	61	0
19.2	39.3	58	0
23.2	32.6	71	0
16.3	32.4	53	0
15.8	34.2	56	0
17.4	35.9	55	0
17.5	36.9	64	0
16.8	38.5	50	0
16.4	42.5	46	0
23.5	32.1	59	0
15.7	27.8	55	0
11.9	28.1	65	0
12	33.6	63	0
14.5	34.3	58	0
18.9	32.6	49	0
20.9	23.8	94	3.4
18.9	33.1	66	5.2
20	35.8	49	0
20.5	40.3	62	0
23	43.7	67	0
23.9	40.7	61	0
20	21.2	72	1.4
10	25.6	57	1
11.5	28.6	57	0
11.9	32.9	65	0
13.4	37.8	50	0
17.5	32	53	0
13.9	25.1	62	1
7.5	22.1	82	0
8.4	27.1	73	0
10.6	34.7	60	0
14.5	35.9	53	0
15.1	33.6	52	0
15.4	30.3	51	0
14.7	30.9	55	0
14.1	32.2	60	0
15.3	33.6	59	0
16.7	34.3	57	0
17.7	34.5	58	0
18.5	32.1	51	0
18.9	31.2	62	0
19.2	32.4	77	0
15.4	29.9	47	0
16.8	29.9	47	0
12.4	29.5	57	0
11.9	30.3	67	0
11	32.7	51	0
14.3	32.5	49	0
16	30.9	65	0
15.4	33.9	65	0
16.7	33.8	60	0
20.9	31.5	56	0
19.3	31.2	55	0
13.6	32.6	52	0
15.3	34.9	62	0
19.4	23.7	64	0
14.2	27.8	68	0
17.6	24.4	82	0
15.6	30.3	86	0.2
17.5	34.7	81	0
12.3	26	74	3.2
10.5	28	76	0.2
11.7	21.3	68	0
6.5	21.4	67	0
6	22.1	80	0
7.6	22.8	54	0
12.1	23.9	54	0
8.6	23.9	65	0
9.1	24.2	63	0
9.3	24.8	64	0
8.7	25.4	68	0
9.1	24.2	73	0
14.1	19.9	69	1.8
7.8	17.4	89	10.8
5.9	21.3	81	0.2
8.1	23.9	64	0
8.4	24.1	76	0
7.8	24.2	76	0
5.7	21.2	77	0
6.4	21.4	75	0
8.6	24.8	71	0
11	26.9	68	0
9.6	24.6	78	0
9.7	26.3	75	0
14.5	17.6	95	1
14.8	19.7	100	17.2
11.2	23.8	87	0.6
11	23.3	81	0
15.4	20.4	100	9.6
10	15.7	85	31.2
2.4	16.7	71	0.2
3.5	17.3	79	0
6.3	19.8	100	0
6.8	19.9	99	0
7.1	19.1	96	0
9.7	16.4	81	0
2.4	17.9	66	0
3.5	18.8	72	0
4.5	18.7	80	0
6.9	21.1	98	0
4.1	16.1	70	0
1.7	16.8	80	0
2.7	18.1	79	0
3.1	19.8	76	0
3.9	19.9	100	0
4.2	16.4	100	0
4.6	19.4	83	0
7.7	18.2	82	0
4.7	19.6	90	0
4	18.8	79	0
4.4	17.6	91	0
6.7	22.6	77	0
9.8	15.3	70	0
11.2	19.2	100	18.6
6.8	18.4	100	0.2
5.9	17.4	100	0.2
4.4	19.6	100	0
9.9	15.8	84	6.2
4.2	14	100	0.2
8.7	15.6	93	0
6.1	17.6	94	0
9	14.3	93	7
2.8	12.4	91	7.4
6	9.4	96	0.4
-0.4	13.3	100	5.2
-1.1	14.5	90	0
-0.8	14.1	90	0.2
-0.5	15.3	90	0
-0.9	14.5	95	0
1.2	12.5	100	0.2
3.6	14.5	90	4.2
-0.6	15.8	81	0
0.7	15.6	90	0
1.1	15.2	100	0
1.9	16.7	94	0
1.4	16.6	100	0
1.9	15.1	100	0.2
3.3	15.9	100	0.2
1.6	15.3	100	0.2
2.1	14.7	100	0
3.2	12.9	100	0.2
3.6	15.5	100	0
1	17	100	0
-0.2	14.7	100	0
1.2	14.9	100	0.2
1.2	15.2	100	0.4
0.8	13.4	100	0
1.1	11.9	100	0
1.1	14.1	100	0.2
3.9	10.9	88	0
13.3	34.2	67	0
14.7	26.1	59	0
13.6	22.3	57	0
17.7	31.2	62	0
15.5	38.8	67	0
14	39.3	56	0
15.3	40.3	69	0
18.9	22.3	75	0
14.8	22.4	65	0.4
11.9	26	63	0.2
12.6	30.2	61	0
15.3	29.4	78	4
18.4	32.7	83	0
15.9	39.9	70	0
18	42.9	43	0
14.6	34.5	50	0.4
15.5	23.7	53	0
10.3	28.7	58	0
11.3	33.5	63	0
14.6	39.2	61	0
20.5	38.4	58	0.4
19.6	33.7	69	19.4
20.3	36.1	63	0.2
20.8	40.7	61	0
18.7	28.4	61	0
19.7	31	65	0
19.3	28	93	3.6
16.3	35.7	83	0
16.1	35.4	75	0
17.4	34.6	68	0
15.9	36.6	75	0
18.3	31.3	70	0
19.5	35.1	78	0
19.5	33.4	67	0
20.6	32.6	72	0
18.9	39.7	75	0
20.4	40.1	65	0
19.2	42	59	0.8
17	40	51	0
20.6	23.3	79	0
16.6	19.4	92	2
15.5	22.1	79	4.6
14.3	20.3	78	4.2
14.3	21.1	89	1
14.6	18.1	94	21.2
15	21.9	91	36
16.2	25	78	23.4
15.8	22.3	91	0.8
17	27.4	89	9.8
16.6	31.2	78	0
17.4	31.3	76	0.2
20.2	26.7	92	1
17.8	26.1	80	0.2
17.4	30.3	73	0
16.6	31.5	91	4.2
19.5	28.5	84	0.2
16.5	25.7	75	0
12.9	25.8	78	0
12.7	32	81	0
17.6	28.4	78	0
18.1	27.9	85	0
16.2	27.6	91	0
19.7	24.6	88	0
9.4	25.8	44	0
8.6	25.4	76	0
13.1	28.8	80	0
17.4	25.1	80	0
16	24.1	98	12.4
16.9	25.9	96	0.8
14.4	22.9	73	0.2
14.6	26.1	99	4.8
16.4	27.2	91	0
15.1	28.8	96	0
15.1	30.4	99	24.6
11.9	27	50	0
9.4	25.8	63	0
14.5	26.1	71	0
11.8	30	92	0
14.7	29.7	90	0
14.7	26.5	99	0
12	28	98	0
13.7	29.3	97	0
15.6	32.4	97	0
15	33.1	99	0
17	31.3	97	24.8
18.4	23.4	80	3.8
12.6	25	89	0.2
11.3	26.4	96	0
15	26.2	84	0
17.6	21.4	87	3.2
17.6	22.9	97	32
18.6	24.9	97	15.4
18.1	26.8	99	4
17.2	20.2	86	1.8
15.5	23.7	67	0
11.7	21.3	73	0.2
13.1	22.1	72	0
9.3	23.4	67	0
10.3	23.5	79	0
10.7	24.8	85	0
14.5	24.2	85	0
16.5	24	85	0.8
17.7	22.3	92	0.2
14.9	27.3	95	13
11.3	28.3	92	0.4
8.9	23.9	61	0
7.2	23.4	73	0
11.7	23.2	67	0
14	19.9	67	0
13	18.6	90	3.2
13.2	20.4	85	2.4
13.7	21.9	85	8.4
13.6	21.1	77	1.6
7.9	22.6	99	0.2
12.8	22.5	52	0.4
12.7	18.9	49	0
4.8	17.7	48	0
4.8	21.1	57	0
4.6	17.8	71	0
6.7	19	68	0
4.2	21.4	90	0
4.8	22.1	66	0
8.5	21.9	73	0
6.3	23.3	93	0
9.9	20.8	72	0
7.1	22.2	99	0
6.3	22.9	91	0
8.5	20.8	69	0
6.7	22.2	84	0
9.4	19.1	65	0
7.9	20.9	84	0.4
3.7	20.7	98	0.4
3.4	21	99	0
2.6	20.3	73	0
4.4	21	66	0
12.2	22	59	0
2.8	20.9	80	0
5.7	20.9	75	0
11.4	21.4	99	1
12.9	19.2	99	17.2
12.8	19	84	46.4
13.7	18.6	72	5
14.2	20.6	86	15.8
12.6	21.1	85	1.6
9.5	19.3	94	0.2
7.6	21.8	99	0
10.1	15.6	99	0
9	17.9	99	14.2
8.3	17.4	70	0
8	17.8	70	0
9.8	19	98	11.4
10.1	16.3	91	0.4
10.5	18.7	91	0
12.3	19	99	8.6
8.5	17.6	99	0.2
10.2	19.5	99	0
3.4	18.8	92	0.2
7	19	99	1.2
4.1	18.8	83	0
4.3	16.8	70	0
7.4	13.4	46	0
0	16.9	72	0
1.9	17	99	0
4.2	13.3	99	0
2.1	19.5	99	0.2
3.8	17.4	72	0
8.8	16.6	73	0
7.3	16.4	86	0.6
8	18.5	89	2.8
7.8	16.4	99	1.4
0	19.3	100	0
4.5	19.8	100	0
1.6	17.1	100	0.2
2.6	16	100	0.6
4	18.3	90	0
5.8	15.8	97	0.2
8.1	18.9	100	0
3.7	20.6	89	0
7.6	18.1	99	0
8.4	20.4	55	0
5	18.2	52	0
7.5	15.3	53	0
4.1	16.5	57	0
5.9	16.7	63	0
0	15.9	99	0
3.3	14.5	71	0
5.5	15.6	98	1.2
6	17	100	5.6
7.1	18	99	1.8
5.4	16.1	100	0
6.1	18.3	99	0.2
7.9	17.8	64	0
4.6	16	69	0
-0.3	16.3	99	0
4.2	16.5	87	0.2
7.7	16.3	68	4
1.1	17.9	99	0
-0.3	19.5	94	0
0.4	19.8	96	0.2
0.9	22.6	81	0
5.3	25.4	62	0
7.6	17	63	1.6
4	17	72	0
-1.3	17.9	99	0.2
2.8	12.3	100	0
2.8	18.4	67	5.2
0.9	18.1	81	0
0.4	18.8	79	0
1.2	19.3	84	0
2.2	19.3	72	0
1.8	19	77	0
0	19.1	84	0
1.4	20.1	73	0
5.9	18.6	84	0
0.5	19.5	99	0
1.7	19.7	99	0
1.7	23.4	97	0
1.6	17.3	51	0
-0.9	18.1	73	0
-0.1	17.2	99	0
4.5	17.7	100	0
2.3	19.9	99	3
1.3	20.3	86	0
3.9	21.7	69	0
1.4	22.4	86	0
0	25.8	98	0.2
10.1	21.7	41	0
3.7	19.3	49	0
0.9	20	85	0
3.8	21.9	99	0
3.3	27.1	69	0
8.4	20.2	61	0
5.2	25.1	79	0
10.1	23.5	46	0
10.1	19.1	32	0.4
10.2	20.8	32	0
3.5	24.1	48	0
1.2	24.4	52	0
10.2	26.8	73	0
11.8	18.5	40	0.2
4	20.5	56	0
3.7	22	53	0
3.8	20.9	57	0
6.2	17.4	79	0
9.5	24.9	98	7.6
9.8	21.4	45	0
3.5	21.2	67	0
7.6	21.3	92	0
5.6	20.1	60	5
4.1	20.5	49	0.2
2.6	22.3	59	0
2.5	23.2	58	0
2.7	29.4	52	0
4.4	30.6	42	0
9.6	21	65	0
13.1	23.3	82	0
10	21.5	65	0
12.4	32.7	99	0
12.6	24.7	50	0.2
9.2	25	63	0
7.2	28.7	56	0
9.3	24.3	70	1
11.2	31.1	57	0.2
15.1	21.1	48	12.6
12.7	23.1	40	0.2
4.3	26.5	51	0
14.1	18.8	32	0
7.1	16.8	36	0
5.1	20.9	45	0
4.3	23.2	50	0
4.7	27.6	54	0
6.5	32.3	49	0
10.7	20.8	68	0
13.3	15.4	74	4.2
0	21	0	0
8	21	79	13.6
4.5	19.2	56	0.2
9.6	19.5	49	0.4
6.8	17.7	63	0
7	19	64	0.8
9.3	19.5	80	0.2
5.8	22.6	82	0
13	24	37	0
11.9	21.7	36	0
7.6	22.2	55	1.8
5	21.4	43	0
5.7	23	55	0
8.9	22.8	70	0
7.1	24.6	71	0
8.5	31.4	74	0
9.2	34.7	47	0
16	24	74	0
15.4	32.4	67	0
13.3	25.9	62	0
14.9	19.5	73	0
0	26.1	84	0
15.6	23.8	79	0.2
13.7	28.1	76	0
15.6	26.2	72	0
11.7	30.5	73	0
14.8	29.9	72	0
17.1	38.7	75	0
17.5	20.3	79	0
14.4	21.8	73	0.2
14.5	21.2	80	3
15.6	25.6	85	2.4
13.3	21.8	85	0.2
16.1	28.7	79	0.8
11.3	30.3	71	0
11.4	28.2	62	0
11.5	37	68	0
17.6	22.3	67	0
9.7	32.4	66	0
13.2	29	38	0
17.8	37.3	65	0
18.3	23.9	62	0
15.4	30.1	60	0
14.4	36.7	65	0
17.5	41.9	60	0
21.8	35.3	45	0.4
17.9	41.6	70	0
17.6	20.8	70	1.6
14.7	22.7	84	5.8
16.2	31.9	73	0
17.1	33.3	69	0
17.9	34.5	50	2.8
15.6	39.8	49	0
16.2	31.2	26	0
13.2	23	51	0
12.9	23.4	51	4.6
12.9	23.6	60	0.6
10.1	30.5	57	0.2
12.9	27.3	59	0
14.1	30.7	59	0
14.9	30.2	59	0
17.2	39.4	64	0
16.5	36.3	73	0
16.5	26.1	64	0.6
19.2	32.5	65	0
0	32.6	0	0
15.3	30.8	61	0
17.9	21.8	84	0
15.5	27.4	70	0
20.8	34.8	64	0.2
17.7	42.5	63	0
18.8	21	88	4.2
15	31.6	68	4.2
17.4	23.1	74	0.2
16.6	30.4	61	0
16.1	36.8	66	0.2
16.1	37.3	51	0.2
17.4	38.4	46	0
19.4	28.7	59	0
16.3	20.4	90	10.4
17	22.8	86	1
19	26.2	99	23.4
17.2	28.1	68	1.6
15.4	27.2	67	0
17.2	28.2	84	0
19.6	29.1	83	0
20.3	30.3	72	0
17.8	20.1	92	7.2
16.5	24	83	0.8
15.4	34	69	0
20	31	69	0
0	38.6	0	0
19.9	35.5	46	0
19.3	30.7	63	0
20.8	40.1	79	0
21.6	33.2	66	0
17.9	23.9	92	15.4
18.7	27.2	82	0
20.5	29.5	74	0
16.2	29.4	71	6.4
12	25	40	0.2
10	29	44	0
11.7	36.8	36	0
15.8	39.7	67	0
17.1	40.6	65	0
18.9	43	53	0.4
17.1	30.8	77	0
21.1	37.3	79	0
22.8	29.6	65	0
19.5	29.7	83	3
19.6	28.2	0	0
19	29.8	79	0.4
17.5	31.6	79	0.6
19	27.7	61	1.4
21.3	27.5	0	0
22	29.1	85	13.8
19.5	25.2	85	21.8
19	26.7	89	25.6
20.7	26.8	94	7
20	29.9	83	1.2
17.9	32.4	86	0.2
20.9	25	0	0
21.3	26.7	97	20.8
19.9	32.7	94	3.6
18.3	25.9	61	0.2
15.5	25.3	0	0
15	25.7	81	0
15.1	29.7	79	0
16.2	33.7	85	0
20.5	29.7	0	0
18.3	24.9	67	0
14.6	25.3	70	0
13.2	25.8	72	0
17.4	28.9	0	0
16.8	19.5	70	12.8
14.2	21.4	73	1.8
13	24.5	66	0
14.1	25.7	84	0
17.5	24.1	80	0
19.6	30.3	93	11.2
20.5	28	85	0
14.1	21	66	0
14	23.6	62	0
14.5	24.3	66	0
13.2	23.1	72	0
15	25.6	78	1.6
14.8	27.3	81	0
12.6	28.2	88	0
10	28.8	89	0
10.7	29.5	87	0
14.2	33.6	0	0
15.7	35.1	80	0
17.9	26.7	69	0
14.3	30.7	83	0
14.2	26.9	80	0
16.2	29	78	0
15	35.1	88	0
19.1	29.7	69	0
17.2	31.8	83	0
19.1	24.3	91	0.8
0	21.3	97	7
16.6	22.6	89	21
14.1	27.1	67	0
13	24.8	79	0.2
12.4	24.2	79	0
11.9	22.7	79	0.4
12.6	21.8	65	0.2
14.1	23.8	77	0
17	24.4	99	9.8
17.5	27.3	61	1.6
11.9	25.2	64	0
12.8	26.7	83	0
14.2	27.8	76	0
10.2	23.6	39	0
6.1	23	54	0
6.1	25.1	83	0
9.9	25.4	71	0
12.6	23.6	81	0
12.5	26.4	78	0
12.5	26.1	83	0
14.1	26	80	0
13	26.6	87	0
11.2	27.5	87	0.2
11.1	29.7	78	0
13.9	27.7	71	0
15.7	23.7	82	2
7.1	23	52	0
4.2	18.4	96	0
4.5	24.8	68	0
5.7	24.7	52	0
0	24	0	0
11.4	25.5	100	0
4.4	22.9	0	0
5.7	24.6	0	0
7	24.6	83	0
3.7	25.5	83	0
6.1	19.2	35	0
2	21.6	50	0
4	20.3	69	0
4.2	22.4	0	0
8.8	17.3	99	0
9.1	20.8	70	0
3.9	20.1	93	0.4
7.6	20.9	87	0
8.8	19.4	71	0.2
5.8	18.6	71	0
5.4	19.9	100	0
10.3	14.9	0	0
11.4	18.6	80	42
11.9	16.4	99	0
8.3	19.7	82	6.2
10.7	17.8	97	7.6
10.7	18.8	76	5
7.5	19.9	92	0
10.7	19.1	87	12.4
13.4	16.9	89	36
11.5	20.4	69	5.2
7	18.1	63	0
6.9	17.3	59	0
4.8	17.6	99	0
2.3	16.2	99	0
7.2	15.5	51	0
-0.1	17	83	0
1.9	16.2	85	0
3.2	17.5	68	0
3.6	18	77	0
3.2	18.3	99	0
2.7	18.8	100	0.2
7	19	82	0
2.7	18.2	76	0
1.4	18.9	80	0
2.1	19.3	89	0
10.8	16.5	80	0
8.4	15.2	91	0
8.6	17.8	100	3.6
7.9	18.1	100	0
9.8	19.2	89	0.4
2	15.9	70	0
1.5	15.5	69	0.2
-3	16.1	84	0
-1	16.4	83	0.2
2.2	12.1	95	0
3.7	15.6	68	1.6
4.3	18	65	0
4.9	14.5	80	0
9	16.7	100	1.6
8	17.5	71	1
5.6	16.4	70	0
6.9	17.5	91	1.6
8.9	15.2	100	0
4.7	18.2	100	0.6
8.4	16.9	99	0
11.6	17.3	53	0.6
6.4	16.6	51	0
2.3	16.7	62	0
1.3	17.5	83	0
-0.6	18	97	0
3.8	15.7	98	0
4.4	16.5	61	0.6
5.2	16.6	65	0.2
2.9	17.1	60	0
4.7	18.1	68	0
4.6	18.7	86	0
8.4	17.1	99	3.4
7	17	93	24.8
7.2	16.8	94	0
10	12.6	100	2
9	13.4	100	21
8.9	19.8	100	7.2
10.5	20.1	100	5.2
4	19.9	75	0
5	14.9	55	0
10.2	17.5	68	7.4
5.1	18	75	0
2.9	16.6	80	0
4.3	16.3	58	0
3.3	16.4	63	0
1.2	17	93	0
2.7	18	88	0
6.1	12.5	100	6.6
6.9	16.5	81	6.2
9.1	16	54	0
2.9	20.5	99	0
6.5	19.6	78	0
7.8	17.8	49	0
2.6	17.6	54	0
7.3	23.4	59	0
4.5	18	45	0
2.5	16.5	59	0
2.3	18.2	63	0
6	18.7	68	0
6.9	16.6	40	0
8.4	17.2	44	0
5.1	18.6	48	0
4.4	18.1	55	0
2.6	19	72	0
7.9	19.8	67	0
8.6	21.8	77	0
7.9	25	76	0
13	18.6	92	0
10.8	15.2	100	4
11.3	19.9	100	16.4
13.3	20.3	50	0.2
6.7	20.4	54	0
4.3	17.8	64	0
3.6	18.9	64	0
5.1	16.3	95	0
8.6	23.6	100	3
5.2	21.7	47	0
3.4	20.7	70	0
10	23.1	70	0
10.8	16.6	78	0
9.7	21.8	66	16.8
8.6	20.1	56	0
3.1	19.1	51	0
3.7	22	59	0
5.3	18.7	68	0
6	20.6	63	0
6.3	24.6	72	0.2
11.8	21.9	71	0
13.5	20.2	76	0.2
8.3	25.2	75	0
5.5	25.9	55	0
7.1	25.2	52	0
7.4	26.9	70	0
8.5	26.3	44	0.2
9.9	19	44	0
3.8	18.9	53	0.8
5.4	18.8	70	0
10.1	19.5	68	0
12.4	19.2	100	18.6
13.8	20.5	100	28.6
15.6	24.5	95	2.2
15.3	22.6	89	0.2
14	23.6	100	0
11.9	21.4	80	0
13.6	18	73	0
11.5	20.8	87	0.6
12.8	21.2	81	0.6
11.5	24.1	83	0.4
12.6	25.7	100	0
14.7	28.6	78	10.4
9.9	15.4	43	0
5.4	22.8	53	0
5.9	23.8	57	0.2
7.2	16.1	82	0
10.2	22.9	67	0
9.3	24.4	78	0.2
11.1	26.8	81	0
10.5	28.5	74	2.2
11.8	16.9	90	4
11.6	20.9	73	7
8.5	26.2	80	0
8.1	24.8	61	0
13.4	19.5	99	17.2
11.7	20.4	84	0.4
11.4	29.5	81	0.2
17.1	30	95	0
14.4	21.2	68	0
10.9	20.3	68	33.8
7.6	24.4	72	0
12.4	18.1	78	2
11.3	18.7	77	1.4
11.8	17.3	88	2.2
10.4	24.1	90	5.8
12.6	30.2	80	0
15.1	24	85	12.2
16.7	28.2	86	0.2
16.2	28.9	78	11.4
14.9	31.6	76	0.2
15.9	32	70	0
19.9	32.4	75	0
20.4	21.1	83	0
17.6	25.3	81	25.4
16	22.1	79	0
13	26.8	80	0
14.7	18.1	73	1.6
10.2	23.8	62	0
9.8	25.6	76	0
11.8	25.4	71	0
12	26.7	70	0
12.7	28.9	73	0
14.5	31.3	72	0
14.5	30.1	64	0
15.8	30.9	70	0
16	22.5	90	0.2
15.5	19.5	93	11.4
15.6	22.4	98	11.4
16.5	20.4	99	28.8
17.7	25.2	88	14
18.2	26.3	82	0.8
18.1	25.2	88	1.2
18.7	26.4	78	0.4
17.7	25.6	79	0.8
16.9	28.2	79	28.4
16.3	31.1	76	0
21.5	31.2	94	2
20.4	31.2	97	2.6
13.5	29.7	53	0
12.7	30.3	57	0
14.2	27.1	63	0
17	26.9	73	0
16.9	30.3	77	0
18.5	27.5	70	0
16.5	25.5	81	22
16	24.7	73	0
12.4	25.5	86	0.4
11.4	21.3	48	2.4
11	26.7	46	0
14.3	31.7	83	0
16.8	22.7	72	0
13.4	31.4	70	0
19.4	30.2	94	4.8
16.6	19.8	96	21
12.5	20.5	64	1.4
13.3	29.4	72	0.2
15.7	29.2	70	0
16.8	34.1	84	0
16.8	37.4	74	0
17.1	30.8	71	0
16.9	20.5	94	0.8
16.1	22.3	73	4.2
16.9	27	78	0
16.6	26.6	72	0
16.1	26.9	83	0
19.1	29	87	9
20.4	29	100	2.2
20.6	28.2	90	7
20.1	24.4	90	2.8
21.1	29.3	84	4.6
22.4	28.7	74	1
18.2	30.3	71	0
20.6	30	91	4.6
18.7	30.6	82	0
17.6	32.7	76	0
17.4	27.8	66	0
18.3	28.2	84	0
18.8	29.8	67	0.8
15.7	32	73	0
16.7	31.6	70	0
17.6	32.4	65	0
16.6	33.7	76	1.2
20.5	36.1	70	0
19.5	36.8	81	0
22.5	35.9	75	0
19	27.4	76	0
14	27.6	67	0
12.1	36.7	70	0
17	40.4	62	0
18.4	41.5	79	0
23.1	38.4	42	0
23.9	38.7	81	0
22.1	38.6	63	0
21.8	41.4	76	0
21.8	33.9	64	0
16.6	24.1	60	0
14.2	27.4	68	0
14.8	25.5	57	0
14.9	30.5	84	0
16.3	38.2	76	0
21.6	22.7	81	0.2
18.2	22.8	91	19.8
17.8	23.5	69	0
14.6	24.1	75	0
17.8	28.1	80	1
19.4	31.8	97	1.4
19.7	28.2	88	4.4
20.2	37.9	85	0.2
23.6	36.7	65	0
18.4	28.6	78	0
15.6	24.5	59	0.2
12.5	27.5	72	0
12.5	31	80	0
12.8	32	75	0
16.7	34.1	81	0
16.6	29.5	90	0
20.4	30.2	89	0.4
18.7	36.6	62	0.6
16.4	22.1	74	0
12.9	32.6	76	0
16.6	32.9	71	0
15.4	22.6	72	0.2
13.9	25.3	48	0.2
12	26.4	65	0
12.1	32.1	80	0
16.4	31.8	85	0
17.1	29.6	67	0
18.4	28.7	87	0
16.7	31.7	83	0.8
17.3	34.8	93	0
17.1	27.3	74	0
16.6	27.4	85	0.2
15.2	30.3	87	0.8
18.1	25.8	89	16.6
18.1	25.9	75	0.2
17.4	21.3	95	3
17.8	23.7	99	25.8
18.7	26.1	98	17.2
19.2	32	96	13.2
16.9	30.8	83	0.2
13.1	26.7	58	0.2
12.7	26.2	56	0
14	22.6	62	0
13.2	21.7	74	0
13.7	24.3	82	1.2
14.2	27.9	97	0
13.4	29.3	87	0
16.7	20.7	76	2.6
11.7	22.9	84	8.2
9.3	19.2	100	0
11	19.4	97	0.2
10.6	22.4	66	0
8.6	19.9	67	0.2
7.3	19.1	68	0
5.7	20.5	85	0
2.4	21.2	83	0
6	18.2	59	0
7.9	18.6	54	0
0	16.3	99	0
3.1	16.8	52	0
1.7	21.2	69	0
8.4	16.5	49	0.2
0.7	19.5	66	0
-0.1	20.6	81	0
2.2	19.6	77	0
2.9	20.4	86	0
5.1	21.3	100	0
5	22.6	100	0
5.7	24.1	80	0
5.9	22.6	100	0
10.8	22.6	92	3
6.5	19.3	56	0
9.5	16.7	58	1.2
9.4	20.4	54	0
3.2	17.6	80	0
2.9	19	79	0
7.3	18.6	93	0
10.6	15.8	99	4.4
12.4	18.2	96	34.8
12.3	18.8	86	32.8
12	20.3	89	3.2
6.8	20.7	92	0
6.2	17.9	98	0
5	17.4	78	0
2.9	17.6	63	0
0.8	14.4	98	0
3.2	13.5	53	0
3.8	16.6	55	0.4
6.7	16.6	54	0
6.6	16.1	68	0
9.8	16.1	84	0.8
9.4	13.9	79	0
10.7	15.3	86	8.8
10.8	16.8	80	7.8
11	17.5	82	7.2
3.1	17.6	99	0
6	17.5	56	0
1.9	18.7	87	0
1.8	19.1	88	0
6.6	20.5	71	0
2.9	15.8	64	0
2.4	19.4	75	0
0.8	17.7	90	0
2.3	18.6	100	0
-0.4	19.4	100	0.2
0.5	19	99	0.2
6.7	18.7	92	0
9.2	16.3	74	0
8.9	16.3	93	2.8
9.1	18.3	94	0.2
8.9	18.1	86	0.6
1.9	19.5	100	0
6.8	20.6	68	0
11.5	16.6	43	0
5.6	16.9	48	0
10.9	16.4	50	0
-1.4	17.2	81	0
1.9	16.6	66	0
-0.6	16.1	49	0
4.3	17.3	48	0
-1.7	17.9	84	0
4.7	11.3	86	0
3	14.8	73	0
1.1	15.7	71	0
7.6	15.1	100	0.8
8.1	16.8	98	0.2
3	19	100	0
0.7	14.2	99	0.4
2.3	17.8	77	7.4
10.4	12.7	86	1
10.1	13.6	86	28.4
7.7	15.9	72	7.4
3.7	14.3	85	0
3.7	18.5	89	0.2
0.6	18.2	97	0
3.6	17	71	0
1.1	18.3	100	0.2
0.5	19.3	100	0
0.5	19.2	100	0.2
0.4	19	100	0
3.7	21.9	100	0
1.7	22.7	100	0
7.2	24.2	100	0
4.2	24.3	89	0
3.8	21.6	84	0
9	19.1	100	1
2.7	17.4	100	5
2.5	16.4	100	0
0.3	17.8	100	0
0.2	17.8	100	0
5.8	17.7	86	2.4
1.5	18.3	100	0.2
7.8	17.8	100	0
4.2	18.8	100	0.2
6	18.9	100	0
5.9	13.2	100	0
8.2	17.5	100	12.8
2.9	15.5	100	0.6
9.9	19	72	20.4
8.4	17.7	69	1
7.8	17.6	85	0.2
9.1	17.6	87	0
7.8	19.5	100	0.2
2.8	21.7	100	0
3.3	21.8	97	0.2
8	19.1	100	0.2
5.4	20.7	100	0
5	22.5	78	0.2
8.9	18.5	83	0
7.4	21	92	0
10.8	21.5	88	0
9.5	17.4	62	0
4.6	20.2	95	0
4.2	23	100	0
9.3	24.2	100	0
6.3	26.1	95	0.6
9.4	20.7	56	1.8
8.6	18	73	0
10.8	16.2	100	7.2
5.7	17	49	2
5.5	19.1	51	0.2
6.1	19.1	48	0
1.2	23.4	81	0
3.6	25.7	48	0
10	22.4	76	0
4.6	28.7	84	0
7.8	27.8	51	0
6.1	29.9	100	0.2
13.4	26	71	0
8.8	26.6	38	0
5.6	24.6	43	0
5.6	24.1	50	0
4.7	31	72	0
12.8	18.1	88	0.2
11.2	16.1	100	22.2
9.6	19.1	68	22.6
6.4	20.9	76	0.2
7.5	16.2	90	0.2
14.2	20.6	100	10.8
10.1	19.6	50	0.2
5.1	18.6	65	0
9.5	16.3	100	4.6
7.7	19.1	75	10.8
6.9	18.3	73	0.2
7.3	18.9	83	0
10	19.2	84	0
12.3	21.9	100	1.6
14.7	21.3	100	5.4
9.8	22.6	100	3.8
6.7	23.3	100	0
8.9	22	52	0
4.9	21.4	68	0
12.6	21.2	77	0
12.9	17.8	95	0
14.4	25.9	100	0
13.2	26.5	49	0
5.5	20.6	64	0
11.4	22	58	0
6.8	24.9	81	0
6.8	28.3	86	0
10.2	30.7	67	0
10.5	29.8	83	0
12.9	29.9	78	0
12.9	33.5	73	0
17.7	19.3	100	0.8
11.5	16.9	92	12
10.9	18.3	84	1.4
12.5	24.4	83	0
13.7	28.1	92	0
15.4	27.5	100	1.8
9.8	22.6	55	0.2
10.4	25.2	85	0
13.4	18.3	100	4.4
12.9	23.1	64	5.6
12.8	28.4	68	0.2
12.9	33.8	79	0
17.4	34.6	100	0
17.1	32.9	100	9
19.9	28.6	78	0
14.4	25.8	73	0
15.7	29.1	79	0
14.6	26.9	79	0
14.9	37.2	100	0
14.2	29.7	63	0
12.8	24.4	69	0
14.7	20.3	100	11
16	27.4	82	5.2
17.9	34.7	91	0
18.4	34.8	73	0
11.4	24.7	76	0.8
17.1	19.9	100	4.2
13.6	16.3	100	31
13.7	17.5	84	14
13.4	19.6	100	7.8
14.7	29.5	100	43.2
15.7	29.3	49	3.2
13.2	31.4	66	0
15.4	31.2	82	0
19.8	30.4	90	0
13.4	21.4	59	2
11.6	20.3	56	0.2
9.3	24.6	57	0
10.3	22.2	70	0
8.7	19.9	59	6.4
11.3	18.1	75	0.2
9.1	21.6	65	0
14.6	20.9	99	15.8
13.5	24.1	74	11.2
15.2	24.9	85	0
14.5	28.1	73	0
15.9	19.7	100	15.2
15.7	22.9	70	3.4
11.7	22.1	65	3
14.3	23.4	64	0
10.7	20.5	69	0
14.7	23.4	66	0
12.2	24.4	84	0
16.2	24	96	1.8
16.8	24.4	76	32.8
17	24.8	81	0
16.4	22.1	98	0.6
17.3	26.6	96	5.8
17.3	28.6	89	0.2
16	29.4	89	0.2
17.1	28	78	0
18.6	23.8	70	0.8
16.3	25.7	55	0
14.1	25.2	65	0
13.2	24.5	70	0
12	24.9	78	0
11.7	30.3	75	0.2
13.6	29.9	71	0
15.5	33	76	0
17.9	35	73	0
18	27.4	64	0
17.8	21.9	76	1.8
11.4	28.2	74	0
17	31.4	89	0
19.1	30.6	58	6.4
14.6	29.5	44	0.2
16.7	26.7	40	0
8.9	24.1	46	0
9.5	29.2	59	0
17	21.6	79	0.8
16.9	24.6	86	13
16.8	25.6	89	10.6
15.7	27.7	80	2.2
17.3	30.8	70	0.2
17.8	28.2	87	0
18.4	27.8	66	0
19.3	25.4	88	0
17.3	25.8	78	4.2
15.7	25.5	75	1.4
15.3	24	79	1
18.9	24.2	100	6.8
19.5	27.3	92	61.4
18	27.3	75	0
17.2	28.5	80	0
20.9	32.8	83	1.6
21.4	29.5	54	0
15.8	19	97	4
15.9	18.3	100	8.8
15.6	20.3	100	20.4
16.9	27.8	96	14.4
15.4	30.9	100	0
17.3	27.6	83	0
17.4	21.1	90	0
17.7	23.1	83	0.6
17.1	24.7	84	1
16.6	26.3	100	48.2
16.8	25.4	91	7
13.2	27	91	6.6
16.4	26.2	76	0.2
16.2	26.3	84	5.2
15	27.1	89	0.2
14.2	28.6	83	0
14.8	29.4	86	0
16.4	28.9	76	7.2
17.5	29.6	79	0
17.5	28.8	92	48.6
17.5	26.6	86	14.6
14.7	26.6	79	0
14	30.1	90	0
15.7	30.9	86	0
14.4	29.2	100	0
19.2	26.7	85	0
20.4	32.1	82	0
21.7	30.3	84	0
19.7	20.9	97	6.2
18.3	27.3	100	38.4
16.8	18.9	95	10
15.8	20.4	96	18.2
16.8	28.2	86	1.8
17	27.1	67	7.8
16.9	24.3	78	0
13.7	21.4	69	0.2
14	21	89	67.8
11.7	27.2	88	5.4
12.9	27.1	88	0
14.7	26.8	74	0
15.9	25.4	88	0
13.9	27.5	92	0
14.6	27.5	96	0
18.4	28.6	89	0
19.3	29.6	92	0
18.6	21	98	39.2
14.6	23.3	70	2
14.9	23.4	82	0.4
15.6	24.9	86	1.8
17.6	27	89	0
16.6	18.9	82	0
14.2	24.6	87	3.6
8.1	23.9	57	0
10.5	22.2	82	0
13.2	25	89	0
15.2	26.9	92	0
16.9	23.7	98	0
13.8	27.4	100	1.2
12.9	26.1	100	0.2
11.9	27.8	100	0
11.7	28	73	0
14.4	26.6	80	6
12.5	28.7	100	0.2
14.6	27.7	85	0
15.4	27.4	75	0
14.4	25.9	75	0
13.4	28.5	84	0
16.8	23.4	74	0
8.4	23.7	49	0
7.4	18.5	52	0.6
8.2	20.7	57	0.2
11.6	22.8	68	0
7.2	25.3	84	0.2
10	25.8	76	0
12.6	26.3	74	0
11.7	25	76	0
14.1	20.9	81	0
16	19.4	99	31.8
16.9	25.2	93	82.4
14.1	26.6	100	0.6
15.3	25.7	98	0
12.7	19.8	100	1.2
14.9	18.3	99	1.6
13.1	23.1	100	4.2
5.8	19.3	60	0.4
10	21.1	63	0
9.1	22.4	83	0
10.4	22.9	97	0
9.3	18.3	65	0
8.4	20.4	82	0
7.6	22.2	92	0
7.1	23.9	93	0
10.1	22	89	1
8.1	20.4	57	0
7.5	21.1	70	0
3.9	20.3	80	0
5.7	18.6	96	0
4.5	23.5	87	0
4.8	25	81	0
7.3	27.1	85	0
9.3	27	99	0
8.5	19.6	71	0
8.1	17.4	51	0
2.8	17.3	67	0
4	19.1	69	0
5.9	20.1	80	0
4.1	19.9	100	0.2
4.2	21.5	100	0
2.4	21.4	100	0.2
6	19.2	78	0
6.1	19.9	100	0
2.1	20.4	99	0.2
1	20.8	100	0
1.5	12.6	100	0
8.4	17.6	100	11.4
3.1	17	50	0
3.7	18.1	82	0
6.1	18.4	78	0
8.4	18.4	79	0
6.6	19.3	91	0
7.7	20.1	73	0
9	18.3	100	0
11.7	16.8	100	0.6
12.7	15.3	100	16
9.3	19.5	100	0.2
5.6	14.2	82	0
9.3	13.7	80	13.2
6.1	16.9	72	0.2
1.3	16.9	91	0.2
1.8	17.2	93	0
4.8	15.8	87	0.2
10	13.2	97	11.6
10.3	18.4	91	30.8
9.3	17.3	85	4.6
8.5	18.2	100	0.8
6.7	20.4	100	0
5.8	11.9	99	0.2
4.9	17.2	79	6.8
2.8	17.8	83	0
2.2	18.4	85	0
1.4	15.8	99	0
0.3	17.4	99	0
4.3	16.2	50	0
2.2	16.1	80	0
0.4	17.4	84	0
-0.3	18.8	92	0
4.4	13.3	90	0
6.4	16.1	89	0.8
5.6	17.4	94	0
7.6	19.8	100	0
2.3	18.7	100	0
2.8	15.6	96	0
-0.2	15.3	85	0
1	15.5	78	0
4.6	15.8	61	0
5.5	15.3	63	0
8.1	16.1	75	1.2
4.3	16.8	75	0
5.9	18.2	97	0
2.1	17.7	100	0
3.3	13.8	100	0
6.7	19.6	83	8
6.3	13.6	95	0.2
7.3	21.9	100	2
4.5	18.9	87	0
2.4	17.3	70	0
2.8	20	78	0
1.4	19.9	100	0
2	18.5	100	0
3.8	15.7	70	0
1.9	16.8	75	0
5.7	16.5	72	0
6.4	17.6	76	0
8.5	15.6	90	3.6
8.9	15.3	88	2
4.5	17.8	100	0.2
5.3	18.4	100	0
2.3	17.1	100	0.6
2.6	16.8	73	0
2.6	16.8	74	0
4.4	15.7	61	0
2.4	15.2	65	0
3.2	15.8	72	0
2.9	16.9	67	0
1.8	18	87	0
-0.9	19.9	89	0
-0.6	21.9	92	0
6.3	17.9	42	0
-0.7	18	75	0
-1.1	21	74	0
4.7	18.9	76	0
5.4	17.7	46	0
7.2	17.6	51	0
9.5	16	55	0
5.7	18.5	64	0
0.5	19.5	84	0
0.9	23.8	83	0
4.9	19.7	56	0
1.1	21	62	0
6.2	17.8	48	0
5.7	19.9	57	0
0.8	18.6	67	0
4.1	21.1	72	0
4	24.9	75	0
7.8	28.8	51	0
9.6	18.9	50	3
4.1	19.7	50	0
2.8	19.6	52	0.2
2	21.5	88	0
5.2	21.4	60	0
6.5	18.5	45	0
-0.2	17.6	49	0
4.1	21	62	0
0.9	23.7	56	0
2.2	25.3	61	0
1.8	28.3	58	0
13.1	26.4	25	0
7.6	21.3	28	0
5.7	20.3	45	0
6.5	22.4	45	0
2.3	25.9	65	0
6.1	22.2	68	0
5.8	24.9	76	0
5	22.7	86	0
2.2	19.9	59	2.6
3.4	20.3	58	0
4.5	22.6	61	0
8.3	22.1	68	0
7	22.3	100	0.6
5.5	22.9	75	2
7.3	24.6	68	0
8.5	26.1	97	0
6	24.2	53	0
4.9	29.2	76	0
7.3	23.3	35	0
4.8	21.5	50	0
10.4	24.1	67	0.2
7.9	28	82	0
12.2	33.4	52	0
15.8	22.3	55	9.4
6.5	20.9	35	0
4.5	21.9	57	0
8	22.8	56	0
5	30.6	61	0
7.8	32.1	48	0
10.6	35	35	0
14.7	17.4	94	0
10.1	22.4	57	5.6
11.1	19.4	57	0
10.3	21.3	78	2.4
4.9	26.7	79	0
11.7	20	97	6.2
6.1	16.9	92	9.8
4.2	21.6	73	18.4
8	21.9	75	0.2
6.2	29.1	78	0
9.3	32.6	74	0
12.4	24.6	34	0
14.3	24.1	65	0
12	30.4	95	0
10.1	34.5	49	0
9.5	29.6	81	0
8.7	20.2	74	0
8.8	20.7	57	0.2
5.2	27.4	67	0
7.9	34.2	77	0
13.5	24.4	78	0
8.5	22.7	41	0
10.9	21.1	62	0
8	24.7	64	0
9.4	27.4	61	0
11.3	33.1	64	0
12.4	34.4	61	0
11.7	22.4	46	0
11.6	18.8	83	0
11.4	26.5	67	0
11.4	33.5	76	0.2
17.3	34	74	0.6
18.5	26.5	80	0.2
16.7	30.3	76	1.4
15.6	30.3	91	12.4
13.5	20.8	69	0
8.4	22.9	55	0
7.3	28.6	66	0
11.7	24.6	50	0
13.7	19.6	95	2.6
13.8	28.3	84	0.4
16.3	17.5	88	1
13.6	22.5	75	13
13.3	27.5	64	0
8.6	22	45	0
13.4	24	58	1.4
8.4	28.9	64	0
16	19.2	63	0
13.4	24.2	66	0
14.9	29	69	0
15.8	37.2	65	0
17	31.6	78	0
19.2	25.2	82	2.4
16.9	22.3	91	10
18.2	30.5	88	2.8
18.1	38.4	73	0.2
17.6	37.4	73	0
16.6	27.5	71	0
15.9	28.9	64	0
14	34.3	70	0
14.7	38	69	0
17.7	33.8	75	0
20.5	32.7	68	0
16.3	41.5	58	0
20.1	25.7	62	0
18.4	26.7	64	0
17.9	37.5	62	0
18.8	38.1	58	0
20.2	24.2	75	0
15.7	25	66	5.2
12.9	27.8	59	0
14.2	35.1	69	0
17	34.6	71	0
19.3	45.8	65	0
20.2	25.2	63	0.8
18.5	24.6	73	0.8
19.2	29.2	91	1.4
16.6	34.2	76	0
19.7	26.3	77	1.4
19.9	31.4	64	0
18.7	34.4	78	0
21	33	75	0
19.2	23.4	100	35.4
20	22.4	100	6.8
18.3	28.1	89	116
19	26.9	79	0
19.2	33	84	0.4
15.3	18.4	96	30.6
14.5	20.5	85	18
16.4	24.1	79	4.8
17.6	25.8	89	3
16.6	27	83	0.2
15.6	27.7	89	0
14.9	29.2	92	0
15.8	27.8	91	0
16.4	29	90	0
15.9	29.6	88	0
17.2	28.4	95	0
17	27.6	88	0
13.9	30	89	0
16.8	26.6	85	0
19.2	24.9	78	0.2
18.1	30.9	91	0
16.2	24.1	62	0
11	24.1	60	0
9.5	25.3	70	0
11.6	26.6	84	0
12.7	29.5	93	0
16.5	32.4	64	0
18.7	31.1	61	0
17.5	33.2	81	0
12.3	30.1	64	0
15.6	28	94	0
18.3	32.3	92	0
17	31.8	89	0
13.2	22.6	65	4
10.9	25.9	75	0
14.7	25.1	77	0
14.6	27	72	0
11.1	26.8	83	0
13.2	19.2	100	0.8
14.3	19.6	98	8.6
14.5	21.2	92	5.4
13.3	21.5	100	1.4
11.2	24.2	83	3.2
10.9	24.8	85	11.4
12.7	23.5	86	0.2
10.2	24.8	88	3
10.3	26.8	82	0.4
13.1	26	79	0
10.2	25.8	91	0
10.8	29.3	81	0
11.6	27.4	90	0
15.4	20.6	98	21
12	23.2	81	0.2
12.9	24.5	81	0.2
11	20.2	56	0
12.5	18.3	89	4.6
8.9	21.4	72	18.2
11.3	23.7	91	0.8
7.6	23.8	69	0
6.7	22.7	68	0
6.6	23.1	65	0
6.4	25.8	73	0
8.2	25.1	70	0
7.4	28.9	86	0.2
9.1	28	67	0
15.4	22.9	89	0
16.1	26.4	82	0
9.1	19.2	57	0
6.3	21.6	77	0
8.1	25.5	76	0
9.1	19	59	0
6.5	19.8	63	0
9.9	19.9	75	0
8.2	22.1	100	0
7	23.4	100	0.2
5.8	23.6	100	0
7.5	23.4	85	0
9.6	22	100	0.2
8.5	19.1	100	0
12.2	19.2	61	1.8
2.3	19.6	78	0
8.3	20.6	64	0
8.8	18.4	53	0
5.9	18.5	52	0
2.6	18.6	67	0
3.4	19	87	0
3.1	21.6	82	0
4.3	15.6	81	0
9.6	14.6	97	18.2
11	17.3	78	24.8
9.2	19.9	76	0.8
2.8	20.8	91	0
5.5	19.5	85	0.2
10.1	19.1	99	5
9.5	18.1	100	0.8
7.2	21.1	100	0.2
5.8	22.5	100	0.2
8.1	19.6	100	0
12.7	15	100	11.2
8.9	18.1	57	5.4
4.5	20.6	75	0
5.6	17.6	100	0
8.1	16.4	100	0
10.8	21	96	0.2
8.8	17.1	79	0
5.9	18.6	100	0
4.3	15	100	0
3	18.5	100	3
5.7	14.3	100	0
6.6	19.1	100	7.2
5.1	19.2	98	0
11	18.2	58	0.2
5	17.7	75	0
2.9	16.6	72	0
1.5	16.9	100	0.2
7.9	16.1	67	0.2
6.9	16.3	73	0
4.9	17	99	0
4.7	15.3	90	0
9.1	14	100	9.4
9.1	13.3	91	14.4
8.9	14	100	17.8
10.4	17.8	100	38.2
11.5	18	100	4.4
10.4	16	100	0.2
11.2	13.3	100	30.2
10	17	91	9.8
6.6	20.1	96	0.2
3.6	18.9	100	0
3.7	17.9	92	0.2
0.5	21	100	0.2
5.8	18.4	50	0
2	16.3	73	0
0.6	17.1	81	0
0.5	17.1	100	0
4	15.1	78	0
7.3	16.3	92	0
3.1	16.9	100	0
2.5	18	100	0.2
4.3	16.2	100	0.2
5.4	18	100	0
10.3	14.8	100	0.8
9.2	20.3	100	0.2
9.1	22.1	100	0.2
7.5	21.4	100	0
10.8	17.4	94	0
6.1	19	90	0.2
4	15.3	51	0
0.3	16.1	82	0
-0.4	16.4	79	0
7.6	16.9	57	0
2.5	17.8	93	0
0.3	19.7	100	0
1.9	18	66	0
2.6	17.9	100	0
3.2	21.5	100	0
5.3	20.7	100	0.2
9.5	17	79	0.2
3.8	19.2	93	0.2
2.7	19.6	100	0
3.5	18.5	74	0
6.4	17.6	62	0
4.4	19.6	68	0
7.6	18.2	67	0
7	14.3	74	6.8
3.7	18.3	71	0
3.5	22.3	62	0
3.3	21.2	69	0
3.8	24.8	80	0
3	21	34	0
2.6	23	87	0
8.2	18.5	44	0
0.1	20.1	90	0
6.2	23.7	56	0
5.9	21.9	54	0
9.1	19.4	42	0
5.3	14.8	47	0
-0.1	17.5	84	0
6.1	17.9	54	0
6.5	21.4	55	0
3.3	23.9	75	0
4.5	20.8	63	0
6.8	22.2	61	0
5.1	23.4	82	0
5.6	21.4	96	0
8.9	27.4	65	0
8.9	24	67	0
5	23.4	72	0
6.9	23.4	75	0
6.6	24.3	96	0.2
6.2	28	79	0
9.9	27.6	62	0
10.3	31.1	100	0
14.7	19.7	80	0
11.2	25.9	78	0
14.4	31.7	28	0
6.8	24.2	49	0
4.1	23.6	48	0
7	18.5	61	0
11.7	22.8	88	4.4
8.7	20.9	68	0.2
11.2	17.6	90	0
13.7	22.8	79	24
12.6	24.1	55	0
10.4	23.1	35	0
6.3	20.5	44	0
7.1	22.4	53	0
5	25.6	64	0
8.9	28.3	65	0
11.6	31.1	77	0
9.1	32.3	45	0
9.6	30.3	51	0
4.4	24.4	40	0
5.1	28.5	52	0
11.1	25.1	35	0
5.5	31.2	59	0
11.1	33	47	0
5	25.7	41	0
11.8	19.3	45	0
5.5	21.3	50	0.2
4.7	29.5	56	0
8	32.9	50	0
13.4	22.5	59	0
9	21.9	66	0
5.5	31.9	73	0
10.4	36.2	34	0
13.9	26.1	69	0
7.7	31.6	61	0
12.7	34.3	67	0
11.6	20.3	45	0
4.5	25.4	49	0
5.3	31.2	51	0
11.3	33.6	25	0
7.2	22.8	31	0
6.4	25.8	71	0
9.6	31.1	65	0
11.4	36.1	63	0
18.1	25.4	65	0
18.6	31.8	61	5.8
11.1	23.4	37	0
5.8	23.9	36	0
8.8	24.9	36	0
9.5	25.4	68	0
14.3	25.9	77	0
11.9	28.3	74	0
10.7	23.4	51	0
12.9	26.5	58	0
15.6	26.9	71	0
11.4	33.8	69	0
13.1	35.4	36	0
8.9	20.9	30	0
10	21.9	53	0
6.5	27.3	63	0
10.2	34.4	62	0
13.3	38.1	46	0
18.1	34	42	0.2
14.9	17.7	67	0
12.8	17.3	96	47
13.7	22.8	86	31
11.2	28.8	65	7.4
12	29.1	36	0
12.8	25.1	64	0
13.7	22.3	77	3
13.8	17.6	75	4.2
13.9	20.5	67	6.4
15	25.5	68	18
13.3	29.4	75	0
15.5	28.6	77	0
18.5	25.9	90	2.6
17	24.9	90	42.4
12.6	25.5	64	0.2
14.7	23.7	60	0
11.4	22.8	61	0
9.6	27.2	55	0
12.1	34.6	73	0
18.6	20.6	75	0
13.9	22.3	61	0.8
11.3	23.8	60	0
15.3	27.3	68	0
11	30.7	72	0
13.1	35.5	72	0
18.2	25.2	71	3.6
10.3	24.9	41	0
8.9	26.6	51	0
12	30.5	66	0
16.2	31.7	57	0
22	33.4	42	0
13.7	31.3	50	0
13.9	28.7	65	0
14.7	31.9	66	0
18	25.9	59	0
16.3	27	71	0
17.4	27.1	78	0
14.5	30.7	64	0
16.5	29.5	71	0
14.1	33.1	66	0
16.9	40.6	67	0
22	30.7	60	0
17.7	41	67	0
21.3	37	65	0
18.1	21.4	67	0
16.9	21.9	82	0
18.3	28.4	76	17.8
14.9	27.1	72	7.2
15.9	30.4	77	0.2
16.6	25.5	55	0
17.1	28.8	57	0
13.7	30.9	63	0
18.1	31.2	69	0
19.6	35.6	62	0
19.6	31.9	79	1.6
18.1	32.9	66	0
16.3	31.4	65	0
15.1	32.3	34	0
16.8	23.1	59	0
14.9	21.3	91	0.2
16	23.9	68	0
16.5	29.1	65	0
16.1	35.5	67	0
17.9	31.2	71	0
16.1	29.1	69	0
14.7	33.9	62	0
16.9	37.9	73	0
16.7	36.2	72	0
17	36.1	71	0
15.1	39.8	69	0
17.2	30.7	70	0
19.4	28	70	0
18.2	24.8	99	5.2
18.7	21.6	79	0.8
17.4	23.9	71	0
18	29.1	83	0
15.3	25.1	78	4.6
15.2	21.2	76	0.2
11.7	29.2	62	1
13.9	31.9	67	0
15.1	37.9	68	0
16.7	34	61	0
14.1	37.3	62	0
18.7	32.2	67	0
18.1	32.3	71	0
18.8	33.8	63	0
18.4	25.9	65	0
16	22.9	56	0
16.6	25.2	64	0
10.9	32	67	0
13.8	35.4	70	0
15	35.5	83	0
17.3	29.6	68	0
18.6	27.1	75	0
20.4	27.8	95	5.6
19.6	31.6	78	1.6
19.4	26.1	93	0.8
19.9	25	97	4.2
20.6	24.5	91	5
17.7	23.4	81	16.6
16.1	27	88	0.8
19.2	23.1	93	0
17	29.8	57	29.4
14.9	28.2	42	0
17.7	26.6	75	0
17.4	26.4	72	0
17	29.6	77	0
15.4	30.8	82	0
16.1	32.9	84	0
18.4	21.9	90	6.4
16.8	19.7	93	1.8
17	20.4	98	5.6
16.9	22.9	85	33
16.2	24.7	80	0
17.8	25.5	90	2
14.8	29.1	97	0
18.1	26.6	76	0.2
15.7	28.8	93	0
17.1	27.9	95	10.8
16.8	28.1	100	0
16.1	29	87	0
14.5	29.3	92	0
17.7	26.3	78	0.2
16.2	28.3	97	0
14.9	29.6	92	0
15.9	27	65	8.4
9.8	27.6	63	0
10.7	30.3	79	0
12.9	29.2	66	0
17.7	28.3	90	3.6
18.1	27.9	93	0
14.8	31.1	96	0
17.7	28.9	86	2.4
18.6	20.8	76	0.2
14.9	27.4	86	7.6
18.8	23.4	97	0
19	20.3	87	11.8
16.4	23.4	93	3.4
17.9	26.9	84	1.6
17.7	26.7	89	0.2
15.4	26.4	97	40
14.7	26.6	98	0.2
15	28	96	0
16.1	29.1	99	0.2
18.2	22.1	92	9.6
16.5	26	96	12
16	23.3	71	2.6
15.1	21.3	66	5
15.7	24.1	83	0
12.5	24.4	82	0
15.5	21.2	86	0
17.8	26	88	12
16.5	22.5	68	11.8
14.9	22	67	0
10.9	21.3	59	0
12.1	22	59	0
14.2	22.6	65	0
9.9	23.8	74	0
9.9	25.4	72	0
9.6	23.3	70	0
8.4	23	74	0
7.3	22.8	59	0
6.8	23.5	94	0
8.1	25.1	74	0
9.6	29.1	74	0
16.5	21.2	83	1.8
11.3	24.5	100	2
11.6	19.3	73	0
14.4	21.2	80	0
11.2	25.1	100	0
13.5	22.3	80	1.6
8	20.6	67	0
9	20.6	79	0
8.6	16.1	97	4
7.4	19.8	56	0
6.7	21.3	75	0
8.1	19.9	60	0
8.9	20.7	60	0
7.8	20.8	73	0
5.6	20.5	100	0
11.3	23.1	82	0.4
9.2	22.2	74	0
10.5	22.2	73	0
6.9	22.5	100	0
6.5	24.3	86	0
6.4	22.2	90	0
7.1	24.8	96	0
7.9	23	96	0
7.9	24	82	0
6.2	24.8	90	0
6.5	25.2	97	0
9.1	23.1	74	0
9.3	25.7	91	0
8.9	25.4	88	0
10.4	23.7	100	0
13.6	22.9	53	0
5.5	21.1	76	0
12.9	20.6	73	0
8.9	21.4	100	0
11.1	17.2	100	1.2
9.9	20.7	100	15.2
4.8	18.7	94	0.2
4.8	21.5	86	0.2
10.9	16.6	99	1.4
13.3	16.9	77	7
8.8	19.7	68	0
4.8	19.1	77	0
10.2	16.2	98	1.2
0	0	0	0
0	20.2	100	5.6
5.7	17.7	83	0
3.4	19.7	91	0
7.5	18.4	68	0
6.5	20.2	75	0
5.1	19.5	94	0
6.3	18.8	100	0
3.6	19.5	100	0
7.7	18.4	87	0
3.8	15.8	100	0
7.4	15.7	48	0
5.7	17.2	48	0
4.2	20	48	0
2.6	18.9	90	0
2.2	21.8	82	0
7.8	15.4	47	0
3.5	14.7	57	0
2.8	18.4	69	0
2	19	78	0
-0.5	18.7	100	0
-1	20.5	100	0
0.8	17.2	77	0
1.8	16.9	71	0
0.6	17.6	72	0
1.1	18.4	83	0
-1.5	21	100	0
3.3	16.7	59	0
4	17.1	66	0
-0.9	17.4	76	0
4.2	15.4	54	0
1.9	17.8	62	0
7.5	14.1	100	0
8.6	17.4	100	1
2.6	18.6	67	0.6
3.3	14.8	53	0.6
6.3	15.9	50	0
7.8	17.2	60	0
3.1	17.8	84	0
3.4	19	100	0
3	18	100	0
3.7	15.9	100	0
2.9	21.8	100	0
5.7	18.5	100	4
3.6	19.5	84	2.2
4.4	17.7	69	0
6.9	22.6	69	0
5.6	22.9	51	0
7.8	24.6	61	0
11.6	18	46	0
2.4	15.6	48	0
2.4	16.6	66	0
1.6	19	87	0
1.4	20	100	0
-0.4	20.9	77	0
1.6	19.3	56	0
2.3	18.4	83	0
2.4	21.3	100	0
4.5	22.6	79	0
1.6	14.7	54	0
4.7	14.4	64	0
5.1	17.1	65	2.2
0.9	18.3	69	0
3.8	19.1	85	0
5.4	17.3	100	0
10.6	16.1	100	27
10.7	15.8	99	44.2
11.5	17.5	75	18.4
8.6	16.9	65	1.2
5.5	17	80	0
9.9	19.2	75	0
8	18.4	88	0.2
7.5	20.1	100	5
6.9	21.1	89	0
8.9	14.7	100	7.4
11.5	17.5	95	28.4
9.9	18.6	85	1.6
7.8	17.1	72	0.2
9.9	17	68	0
9.7	21.9	71	0
6.7	22.9	84	0
12.4	16.8	57	0
8.3	17.1	52	2.4
7.2	17.2	54	0
8.7	17	63	0
8.4	16.9	73	1.4
10.3	17.5	81	1.2
7.4	20	92	2
5.7	24.4	100	0
11.1	22.6	73	8
6.8	25.1	66	0
10.9	16.4	77	0
11.7	20.1	77	0
9.1	25	100	0
9.8	22	71	0
11.8	23.6	88	0
9.1	20.4	42	0.4
6.2	19.7	36	0
3.2	20.6	60	0
3.6	20.1	50	0
7.8	20.9	66	0
9.5	21.4	65	0
5.6	23.1	73	0
7.4	26.3	76	0
13.7	21.4	77	0.4
8.9	20.8	69	5
10.7	21.9	59	0
6.7	25.8	71	0
8.6	31.4	50	0
10.1	33.5	56	0
13.7	20.9	26	0
4.8	24.4	54	0
7.7	22.7	53	0
12.6	25.9	72	0
8.2	33.3	86	0
15.7	31.8	73	0
11.6	21.7	74	0
13.1	23.3	65	0
8.7	26.3	77	0
9.5	30.8	70	0
8.8	32.2	65	0
11	25.1	68	0
9.9	18.3	51	13.2
10.1	17.6	70	34.6
4.8	23.9	71	1
8.1	20.4	72	0
8.4	21.9	60	0
7.8	27.9	71	0
12.6	18.7	67	0
12.7	17.4	86	1.4
12.8	24.5	57	0
10.6	31.7	77	0
15.6	30.2	75	0
13.4	33.1	82	0.2
17.7	34.8	78	0
17.4	32.5	77	0
9.5	28.1	37	0
11	26.3	46	0
10.5	36.7	55	0
18.1	35.3	41	0
10.5	24.4	31	5
6.8	23.3	56	0
